[PAD]
[CLS]
[MASK]
[SEP]
21088
13292
363
4409
15877
1356
6600
18241
15367
14595
4385
14484
18435
17593
15490
16854
1651
20734
8952
20956
3236
16837
15204
15418
10227
9632
10997
964
503
4730
8627
9128
17497
2110
6632
17500
226
17278
15488
18329
5956
4510
11192
13121
15201
19150
5254
1674
4527
5272
13221
6175
16501
16285
14824
6078
1580
16787
4484
366
6110
792
3737
15189
14210
5463
3998
1437
10939
307
1776
11522
7974
13070
9425
16594
18272
15759
709
11953
19474
17216
10279
11746
17235
9328
15896
7965
20945
19615
7004
1934
17856
1361
14300
17831
3092
11044
19964
2421
2968
10683
18077
8523
19576
13994
2226
4016
15666
11938
4581
21117
2035
13154
6424
5538
15460
9100
5664
5340
21125
20788
7146
7530
10466
5803
21079
14501
2914
2701
12057
11266
2298
18736
5625
1464
722
9238
14035
17920
17001
1992
21223
9359
5688
17329
2523
13132
3565
3770
40
1936
5647
21176
7524
7142
12047
12496
9935
16435
5815
21060
5458
19399
12483
16571
10935
4830
20044
10680
16314
2561
18773
6367
2938
19428
13173
20192
16163
11959
1405
2283
14116
7314
1338
3193
18104
16932
17352
12305
7838
3557
15863
9086
5839
19686
3864
13962
7293
18646
8075
8635
1788
13981
15269
8623
6611
15346
2236
16340
8100
17774
4559
14784
13870
10068
10811
20533
3934
15185
7154
9292
2323
19696
573
2073
1615
11376
16117
5764
17299
10652
1274
20111
12437
3957
17985
12214
15481
7605
691
2034
19880
19796
3968
7830
19437
5285
12445
1202
16069
4868
3350
10794
356
11005
302
13380
17804
1171
3846
13385
8824
11779
17145
12137
20122
19026
3074
15585
13782
11816
15395
3638
16118
13765
16618
3826
8716
1332
5071
15019
1303
20462
9469
19243
10887
8355
4987
4469
6359
1923
5978
11426
19149
6758
3322
19831
12013
2490
15444
7895
9125
18909
16803
10507
5999
13438
10609
14376
10106
14619
5657
17291
18070
7465
2821
11603
3179
587
19330
16066
5732
16875
20985
1695
14336
5440
4665
10539
12999
7220
1845
20088
715
3304
13327
12130
7180
8599
15407
15070
5817
6911
4326
16373
15224
14004
2152
5280
16224
16703
10410
19365
18159
5671
3562
16975
9760
5899
3965
13150
3614
19479
12375
5169
12311
9213
443
17925
20847
4504
367
2777
17757
5073
2667
11054
17429
20511
5570
10458
12048
9215
7594
4989
8656
4458
3089
20402
2272
9688
10845
8667
16271
3385
12853
6189
7081
6464
16093
3661
13849
9374
9030
1542
1765
18132
18547
1979
5074
20971
7501
417
5156
1060
6154
8692
6099
18630
10809
15917
14002
16817
7555
19269
159
14639
7736
20913
686
9829
21045
13365
5036
9738
10007
13606
13958
3561
4687
7878
10921
16922
1320
467
17066
19093
14985
16760
5182
17643
10982
3743
320
18857
1358
7420
19180
18061
15190
243
15074
9228
9387
2207
20164
13818
6481
16377
9722
3775
11664
3662
8369
5230
1935
20573
19695
11561
18400
5497
7568
718
3627
7145
1150
12801
8485
7053
2677
1607
12024
7409
12833
20181
3347
2004
1888
12378
17722
10494
18896
6653
17402
16411
19830
11084
16957
3570
3480
9203
7946
2205
3653
15312
9929
13629
17166
17192
1414
13333
9163
11013
14024
2024
17822
19048
6969
11784
3831
19327
6524
14299
2759
6086
1807
15722
18039
3251
17809
3332
19325
4785
7976
16951
17084
10587
16184
7911
18963
5238
17370
7739
121
8214
19309
6978
17589
11893
11359
11962
13116
8505
13643
11734
8377
3154
7113
12682
13016
428
6961
5615
16279
1018
5218
963
7776
9298
393
736
17855
7633
18530
1296
16756
12100
9199
18883
16528
7998
4307
2783
15814
19219
3709
7201
7210
11728
12424
7665
16239
18723
20256
6128
19136
14330
3916
19645
12032
1980
4049
16680
2209
18739
7342
16595
10832
8030
8208
10705
3389
13280
9189
286
1282
19771
1558
15499
18449
13672
5633
5248
18254
8139
3645
14218
18757
18809
6625
155
8536
5715
13329
7300
12695
3033
9187
8589
20770
1344
5104
8341
18193
1518
18168
13487
5300
10127
19773
17578
6373
20820
12329
5429
13137
2607
16805
19962
13104
3500
6960
931
19147
20593
4688
2488
17488
787
19879
20470
2200
5457
4136
17762
10183
4650
7027
16614
12983
7550
4536
3441
8245
9966
20964
17840
6605
2219
17600
6259
8349
6532
4678
11144
3656
20168
10084
5145
2069
19981
17111
8972
6816
11646
13594
4939
12812
9551
5590
4150
8159
14432
19216
11055
11276
14089
19294
13741
1689
21019
10367
16612
20184
4015
15634
7322
19296
17814
1522
13913
14416
11356
15287
11600
1954
971
9413
18698
14814
16631
1114
20273
355
1081
9937
2741
7121
3752
18738
10876
13025
18445
7478
13963
7206
6005
7891
2451
18125
3437
16045
16307
17440
4713
3072
16644
6821
3536
20014
13851
8906
1652
4790
19571
15088
1513
3756
4492
8881
1564
7909
916
11101
968
12559
18904
6717
1486
11454
16524
55
17555
16765
3877
536
5915
18443
11425
10508
13198
18539
14467
8752
21077
3021
14464
3972
11468
10392
9619
559
3148
18194
1012
15352
3276
1908
17088
5055
1561
18568
6122
16109
10493
8053
15919
16210
16812
16745
2074
9741
331
13151
20633
9660
4404
7023
10557
16449
2988
19613
16450
5745
12072
18350
19347
1540
19182
11410
20207
15092
10849
4172
14446
15701
12061
13906
18054
20750
11520
7558
4594
6776
21187
14911
10865
2078
20517
318
14519
12335
11702
18431
13141
17499
19980
11330
10280
18059
532
14399
1289
17317
20309
15428
13350
11588
12588
20353
15926
1381
357
17821
4233
3553
6657
5464
1884
20495
770
2622
8109
5766
9949
13337
8801
7786
10461
5620
311
18711
16341
9613
19405
9281
19223
4975
13660
65
10803
14
17405
6668
18345
1588
3115
7292
6976
6064
2467
3746
20106
4446
18398
17237
11692
2258
744
12597
10706
2220
13788
1497
8641
9679
19234
13832
18119
11274
10283
4327
4441
7741
7271
8541
17319
10296
11392
7009
8188
19721
9792
15628
17620
8048
12729
11980
7927
8292
1863
5840
2379
6111
1890
10919
16336
19375
13877
342
10864
835
5562
4341
16726
14815
3870
8206
6244
8181
1093
61
11444
5088
20067
20624
10302
15434
4674
12337
8194
18800
3269
17980
15675
6058
19589
13623
9987
84
0
16156
6400
18550
11399
1909
7688
19351
2825
20465
7986
12193
9921
16342
4067
11344
14551
13129
5186
17685
2595
771
74
20662
4442
11438
12937
10419
19450
7753
8781
7315
2730
19116
6533
7423
16445
4922
4078
3835
11726
6166
4690
1850
5009
3120
5759
20195
4782
4724
11557
21169
4332
3515
14524
17999
19872
3897
8975
5524
17773
990
16519
9352
20282
8808
19684
9055
4040
15692
17071
9368
1285
20846
9772
695
11095
6425
15067
10715
5424
19292
1728
1889
5868
14563
21224
9293
13769
9348
20551
17177
7211
13227
11240
13636
9037
14665
7290
14133
8031
19304
15168
4226
7574
10577
668
12543
14862
10031
14043
17305
19288
427
17180
19163
3216
11
10829
14050
5730
6326
12203
2014
2997
15271
19424
11794
19987
20530
2331
9130
9474
1248
12587
18652
15838
3847
15453
20338
8782
9249
19546
4481
20266
5066
6261
12548
19801
4185
18688
13750
17439
8197
17030
16718
6448
7654
20856
12428
2054
5332
8192
20070
15772
5611
154
16278
8890
4932
8773
17946
5128
13226
12893
2935
16131
662
20979
5007
14481
12438
20814
10745
6775
9331
10916
17221
13237
12876
966
21159
6708
18856
8573
16708
15937
11119
5053
12575
20043
6009
7122
10611
14202
3027
6704
16603
4833
6954
15340
12550
2242
8368
10327
17397
13369
1115
13548
3177
18161
4563
9846
8647
7659
4963
10218
4587
20898
13074
12710
19383
14565
8220
5475
9509
7961
14679
2415
11622
18702
15764
5675
156
12425
2373
9582
8967
15836
12207
8449
1769
7897
3556
17357
5450
20522
9973
10924
14107
10120
13356
12590
4256
1167
13159
2071
1178
11488
12230
18541
7957
5355
19838
14958
6401
20071
1264
15072
15862
2193
17168
210
3056
14009
6026
19239
14223
7222
12786
19338
5513
15542
6224
21205
7864
11942
16961
6021
8921
7192
15592
17556
16651
8079
9821
1099
14304
4635
470
1101
5531
13698
10554
15771
5046
8365
19380
8136
3969
6302
11708
14315
15910
9286
9234
16634
11540
4764
12987
14105
20415
8726
7798
20439
8016
8260
1782
19809
1127
8895
7453
2770
11742
839
11657
10850
9847
3168
19369
17420
17094
18211
4747
5244
14462
12885
11505
20527
10243
463
5821
20630
10540
16847
1139
19440
15149
4069
8916
10092
19329
10060
2791
16075
19271
11440
7237
14083
8796
7428
19730
18617
14287
16349
6849
19581
7334
14745
19673
5040
12063
6463
18841
3603
8394
7822
14533
10101
1987
16991
20267
11549
5291
16818
9185
20862
17549
11451
2019
15986
6996
8793
15212
16638
16762
12846
8868
12870
4873
17528
12852
12264
14042
2659
12009
14221
2635
18325
9231
3964
3210
5796
4759
14931
14778
21
19260
1261
13424
9780
12038
18392
12440
9731
14459
20878
5137
19404
17588
4196
13498
18012
18299
17214
2824
18563
5078
9085
18491
9749
20700
5449
7804
10059
9018
4611
17252
8005
14244
567
3748
13978
11900
7768
3456
4533
3023
12053
8423
10880
14603
13543
5108
9933
11818
3621
13199
12928
7684
6584
7750
12697
20737
2814
9555
17441
17841
4973
18016
17829
8508
15500
14071
7992
14019
18248
9913
4701
2471
4182
20175
16288
1576
3252
13610
12980
11030
16652
16841
19873
17103
20872
13961
9318
17349
9366
2005
6952
18683
12673
13340
1039
15655
3663
7212
2517
729
7361
13627
9909
1881
20632
5504
16164
17539
13078
14534
12241
4301
17297
4495
5827
18665
529
6873
16398
7591
19605
17986
19916
13285
11309
14356
16547
17
11411
15478
19545
10505
20844
20553
11582
16572
11678
554
8055
11870
2440
14337
10285
2146
20599
10655
18384
6597
2340
9455
9233
16207
2072
9610
13449
5072
1133
12611
19408
15695
9409
20013
14238
10974
13416
12589
20825
9955
10878
624
8121
10897
7106
1868
19604
4121
20109
10245
14756
5719
7035
13367
14316
6011
17817
9216
12105
19555
10129
19766
11127
1648
6418
216
19050
14409
12976
14353
7588
17411
11984
4474
389
2271
18567
4402
1748
14119
13989
7950
21035
5297
14832
12823
3887
17272
657
17130
11263
20512
16324
15311
8925
12514
527
16864
1284
7774
11776
17020
17086
3588
4487
17525
10336
20227
4353
11817
3445
7347
17372
1554
16633
4496
19221
5006
6562
8312
18996
20677
16973
14637
15069
8979
1069
1668
565
1367
17052
3274
7545
6467
4006
17618
16080
3244
20443
9787
12049
4978
4885
3146
17507
19342
18931
5056
12484
2949
16471
6129
14396
2402
19813
12109
3883
15033
10239
4561
2263
16209
15677
677
15308
6817
2457
12169
3498
19722
19932
13859
18995
9202
13030
7238
1733
5376
15474
18108
11458
14329
15482
4209
10776
10592
7184
14788
17889
11326
18583
18839
5631
1903
2852
4329
16679
1661
19151
20732
10495
20894
16095
20306
10819
2134
3958
7181
11573
9789
18733
9497
11339
19519
7777
8655
13119
110
1729
12913
18018
6141
11867
10821
12257
1098
3088
11795
4093
12308
10114
6152
11129
11631
2508
5640
5578
17267
17326
11564
20333
17369
15450
18810
2276
12126
611
12805
21138
9726
11134
18642
1569
13457
6312
8803
12804
7850
4762
15356
16331
17982
18930
11578
16500
19723
5743
6070
17227
10898
606
912
15966
3479
1197
13010
20984
5748
12569
19853
11286
2977
11995
18158
15580
8699
18441
17300
13688
2638
11508
6336
3060
14588
8936
20210
10360
1472
3546
2822
8124
10177
3625
17391
15288
5957
7523
3260
18157
16474
15947
10802
16154
7059
15300
12396
19067
13881
14140
14331
7938
10768
8908
4192
18636
21009
9449
18837
20923
12746
5175
7248
12907
18313
13358
2389
5755
14642
12576
13783
16901
16799
11233
14174
17330
13745
221
16394
15773
6030
6837
16946
14504
11063
17276
16663
17152
13907
18724
18811
4181
11048
10076
4085
13694
16987
3988
19514
2541
2790
5973
585
2910
4445
8263
4312
17917
11543
12596
9928
5786
14977
13210
5783
12265
5013
20907
9174
14188
6679
14681
18892
378
774
17099
15191
2177
9880
4250
1073
2559
11803
2648
5200
20001
20285
11566
2623
9502
330
6540
14636
7819
17592
9132
4126
208
12399
8634
2525
6754
2105
18846
13321
2838
13674
10515
21166
1374
5877
11115
6886
20409
5617
20434
2768
4448
7410
2808
14260
5746
12959
14488
1482
9071
9109
6885
13008
14922
14559
2899
13031
14872
6699
3488
21006
9437
17471
16967
14015
16316
5597
9070
1083
17062
13986
11142
17707
13262
8185
17676
3178
14796
18901
941
12820
337
17336
4512
11541
2195
19551
12405
6313
6059
18850
10111
14054
12450
10038
14904
10313
710
3674
3534
15401
8649
8073
18479
6049
137
12860
7808
1975
20482
18611
9670
5966
5154
14733
16375
19851
4464
3256
1691
758
20554
4451
2894
6283
12610
1749
3113
7617
12219
20481
19675
6020
2848
13295
10668
1441
6002
4021
18300
5997
12660
6073
14279
20771
15238
18595
12371
2501
6949
5700
2890
4636
19031
10335
2861
496
16754
1718
7105
13876
4218
9379
17073
15306
10290
19395
6980
19482
426
20154
9169
9411
11814
1096
11442
13862
6778
19554
2221
13908
11868
20158
15982
5913
5608
4440
8063
11253
5033
15262
18673
15237
2159
3057
16509
6253
21103
14222
4933
3206
13484
10373
3087
1994
15210
14520
8677
20730
18506
5975
3967
7549
5689
9108
1596
8965
7582
14978
13917
12132
854
5828
34
10194
9120
3048
9082
9099
13222
12414
6502
14591
3378
4071
4020
17964
3583
1222
90
17990
13536
10884
15138
168
7889
421
9942
2169
14722
11302
1468
1730
4911
9735
9154
12946
12828
18951
7626
6004
3954
14574
19447
16456
904
9057
12546
6604
1431
12741
7341
19591
11691
13598
12081
120
7069
2025
12992
18342
19084
6275
9115
4768
3229
18003
18324
5239
17465
12930
18793
15987
17127
4733
16447
12802
11224
17382
17404
19670
10053
807
19786
14647
849
15466
3468
7904
20641
10754
17069
4811
14998
14297
14964
17170
5335
10769
4125
16869
2581
2354
12050
19425
14709
1825
437
10431
12524
7742
1047
20107
13873
7176
16783
836
2115
12726
6633
8492
328
18609
11072
1009
19577
15633
16538
1146
7134
8474
2892
21028
16121
15084
3772
2142
9482
3388
21123
13370
16567
10085
6559
12982
18081
3400
20458
1424
3671
3374
20621
7531
14956
4194
14177
1660
4639
19083
5087
17443
8613
5639
3665
3822
19999
19001
5536
9806
5150
14184
8686
1873
2857
2843
8500
16563
13396
18103
1958
7010
19427
17615
15215
14479
6438
18596
12162
4958
9210
9064
20186
10757
18382
18717
13956
11740
12389
4382
5123
13052
6881
2181
11167
15817
6685
10649
20132
12536
652
954
16735
3850
8390
16832
13529
8678
3623
17229
10862
5472
19272
3660
10659
69
11807
707
15746
13190
6223
5867
10485
18484
15903
19419
9445
16333
16976
2250
5681
13388
10571
2942
7140
14492
10164
1973
7981
17826
15572
21182
1480
1752
16495
546
17002
6654
18341
14228
7567
8331
18938
2957
2972
6167
10625
19693
20097
7770
12665
7457
18507
49
13931
3383
10691
6190
7340
20637
10468
7517
12149
2716
20570
18219
14345
10498
15519
19832
7816
1479
9702
5460
7049
13339
15568
10301
15276
6471
18767
17751
6063
16564
6339
10406
18227
20287
18682
10999
3533
15997
16311
11720
12202
8272
10440
20020
18344
8543
2208
4570
16516
10232
7764
11165
10130
13611
10998
4319
11076
7403
18523
10147
26
2057
8980
18952
10401
3416
1207
812
1812
16264
19241
16058
19820
10716
4744
8066
20555
17342
20384
12776
5831
6288
16497
7155
7236
11550
9881
13810
10995
234
13622
13257
16329
18781
2947
8990
3225
18376
4168
14441
15599
8339
9416
12422
21018
19535
11706
2860
15530
16330
2532
5117
981
1190
17553
5
3937
3365
18051
6658
7827
3430
9492
3611
12724
17797
8995
7083
17836
7755
1023
17187
18216
9948
6060
8537
10398
3333
17646
16616
20996
3643
19229
10108
4212
16044
14727
4391
957
7045
10905
4072
5554
17023
7345
2481
13240
14077
16274
9528
14750
20250
8212
13604
15321
3117
4287
10589
6585
13772
1331
20840
12364
3539
6422
13093
15660
7387
20497
13926
18354
13296
4206
16287
5680
16728
16540
20104
9291
16713
8015
3338
17388
10439
6720
16460
13692
2452
4271
1957
19214
11729
11232
12909
4549
17975
19481
10605
11306
18638
4596
7533
21132
3307
5763
11617
13034
11230
4692
5331
14943
13276
4220
13816
18780
13845
12829
17559
12965
11725
7415
12664
5510
4110
18004
12122
5257
16506
7719
3683
19574
11485
5509
1559
6155
9614
9302
6168
17368
15328
18580
10755
8454
9167
15480
14277
1001
1643
18358
16205
16442
18649
17077
9541
7685
13256
15851
18281
19110
13955
6637
7947
2291
16436
2267
4897
6081
7476
14197
10806
19121
20291
18994
14059
20055
14923
3121
16648
3493
11956
7881
5421
9781
9
14819
18409
9618
2877
238
10632
12750
19954
8850
12401
17106
11430
10444
4913
10734
20148
3149
3682
18503
7384
8090
2524
17258
16061
5321
7613
615
18235
9981
10235
19575
12473
5003
21210
18114
14150
15235
18485
11521
12054
20237
9190
7945
17398
17538
18092
14418
19747
16667
12816
9724
18437
3574
20610
20583
8845
329
18483
2412
20776
17779
15594
6018
2573
11374
11570
13103
19258
5898
13833
4482
18579
14474
5925
13847
2794
2162
11903
1454
19095
1328
2920
11689
18361
13364
6287
8336
6409
13616
1581
18890
13586
20924
6179
18321
7907
2971
15277
13317
13118
12717
562
2844
12701
17093
7762
17059
18238
13248
19587
14774
20568
6205
1316
10077
5996
8455
11170
16092
14596
6531
12091
5245
11189
4494
14854
15307
188
3497
4606
17151
19631
1152
16214
2698
1851
5875
11829
3102
20744
12300
9762
976
416
10074
20686
20286
15673
7283
9287
21026
2594
10813
5086
8733
16996
18231
1401
11483
15801
8779
16690
19111
7301
588
8861
5105
3285
8280
1928
11665
7050
11556
9602
11203
14537
16860
6242
4266
20557
18293
18660
18093
6616
10214
5744
2502
6067
10306
17521
10178
279
359
9971
8291
9595
4948
5776
8664
15467
5832
8461
3073
20253
20884
11983
16399
17458
15044
5567
7817
14256
6173
19462
4827
7604
20949
18677
12133
8628
13857
4695
12417
11180
15160
14966
7577
6598
18037
12915
20505
8529
4866
15900
18404
3314
1155
10244
14103
10867
8817
4338
7052
975
4633
1143
14206
19036
20816
17060
5705
9747
2357
12412
9598
12949
19146
3799
12648
15260
4344
15038
14771
13192
9346
10899
9918
7564
4900
21145
3774
9039
20836
2428
17603
2951
16040
9259
14252
20177
18884
12020
16647
14156
15974
14544
18782
386
656
8704
11546
3803
19265
8069
1299
18076
12387
12315
19029
7743
4328
20209
12354
11972
15587
5109
11004
3156
16343
10073
17456
6948
4776
4736
15893
21181
10601
797
18497
6661
4501
20785
7707
5481
6695
14658
17029
12419
5286
11686
6088
13618
14867
16788
6523
5778
571
9593
5738
19948
17366
12447
7089
9241
15875
18098
18369
2753
17018
9400
12062
20095
809
17560
19715
15581
5184
18517
17251
10559
10895
16015
8974
13997
8819
8852
18798
1084
3306
13193
3809
13087
14672
4643
7619
14343
1458
956
15578
6008
19852
11482
10826
3375
3966
6509
9662
6850
16855
11662
17650
18873
14580
881
4568
1740
5847
13196
20587
1160
17853
14429
12624
7716
1476
6716
17419
8615
9510
4184
16354
18045
1734
12957
12208
12826
19112
17531
15925
8551
9952
19177
5204
20383
7499
3343
1453
17067
10208
18233
1100
1974
5290
10229
20646
5752
1389
5059
1817
6031
11169
1089
18928
9968
7205
9978
5293
16684
9977
8621
341
15744
14088
7218
18152
19170
1553
17393
13167
16552
10255
19563
18052
14670
95
8022
3765
921
14012
18804
19592
18099
7769
8412
17389
14096
17273
16272
13968
16157
17384
2893
15495
17481
17764
9874
2070
17335
7291
16840
15723
6986
8622
9494
19618
7265
18203
14028
18348
19426
3976
20702
10063
17737
17316
13921
1456
2422
14168
7618
3355
10271
17396
15853
18176
11750
8427
2925
9423
18426
17726
3763
18118
7797
20532
4801
15270
1919
11722
3280
10348
5219
18258
20739
12351
17198
6240
246
9570
14359
20793
19393
3647
10521
6670
10464
9994
8381
3738
12613
20045
2118
4929
2767
1433
5711
17485
12497
13013
13595
3047
14914
1201
9573
17749
7024
13880
897
4105
6368
512
3777
11487
19997
17438
3417
20951
19390
16305
16534
8328
19923
13747
9005
19352
10914
17470
20327
20784
18082
6919
2556
14205
1418
15252
9687
14602
6247
3632
15197
17887
14342
2218
5317
17895
18776
14431
8400
20543
15005
20068
7959
8955
16877
10166
1792
10171
20493
19584
15566
2509
2496
8437
5816
12235
2176
1601
17157
5527
16002
11823
21196
11336
17451
20625
20222
9764
15029
19952
6279
16059
20170
8894
6466
8642
8155
10758
1106
14483
19757
15131
14823
2681
6683
8152
10221
14047
14800
969
2475
19012
8210
16905
11624
7796
19630
4269
16132
2326
1966
16733
7951
15880
13771
21104
18040
10922
5319
6198
10308
15831
16853
650
15742
10533
15878
9720
19181
20944
888
15059
1455
5466
1678
20812
19689
20807
2905
18402
16696
9571
1260
20881
18792
233
670
4097
766
20073
12462
18729
1428
12655
1258
14069
3895
4872
10258
453
13447
14586
12903
19785
20900
16170
9944
16556
12294
11364
19176
11844
11545
2793
1410
5645
19834
8488
5000
4119
11278
12788
167
5039
3528
198
9076
17044
6037
3601
3779
20361
17635
8576
1353
3094
12504
4822
12139
12948
713
7505
7609
18626
18205
6825
16202
19354
19936
8958
15187
17736
18050
8242
10158
15053
15938
3859
1967
20105
16182
6643
7655
11626
12288
641
2470
10004
9786
6381
20134
10230
2037
11731
16505
16141
490
17218
7266
19769
8392
3045
3211
17891
12540
2680
7931
18912
18262
18749
5938
14138
13501
6043
3435
10503
8044
11976
9545
952
3473
7229
11107
11006
16102
9463
7890
6194
5011
1760
12706
17434
19562
11871
17960
11918
17257
10089
17340
6148
2699
14190
5223
19756
12489
5397
8219
4356
3711
12766
14993
13624
11011
13045
13838
11752
18718
5478
15387
8043
12527
16938
3995
18833
1778
6354
17768
16851
8913
20436
9905
21189
21008
20293
20147
14363
939
6812
20861
1403
1846
8684
15860
12585
14855
16982
13573
17532
405
16198
17101
14246
6282
17870
9058
16792
19140
3131
5060
7870
11049
7840
20094
446
7866
7563
13565
18089
16582
7395
12935
18823
4956
5948
7034
5398
11429
5437
18755
8513
2425
17957
15584
14597
18680
19492
11481
4022
17244
6859
14350
2619
9710
15787
21051
20748
6455
804
419
9131
13177
313
13569
15231
20196
16873
10933
6671
21062
7663
17132
16700
2086
9370
18730
5512
10417
20986
4670
15806
9896
16699
6356
17546
6577
10973
19569
8987
7385
17146
7698
4647
11070
3584
11882
5480
8486
5212
9759
7795
20272
2297
15970
2733
4410
16781
19196
9264
15854
12554
3642
6162
16962
1892
16826
10591
17126
3502
5106
9609
16086
19493
19022
6887
14866
17962
10985
5026
13843
17351
9592
3453
382
14158
17682
14373
17163
12663
2564
17367
10350
16162
9087
14764
4964
18862
4743
7784
2049
7760
19863
11446
14928
17582
7101
11159
20833
20299
11249
8329
17746
14715
4038
8876
6297
11682
5312
2547
20054
19262
623
10028
19113
11939
15111
147
4803
6306
17128
9122
5704
12793
411
16476
1270
17519
8255
11741
16228
7503
4795
19063
4
6213
13171
7143
5132
4669
10853
19148
388
8306
8018
13535
17460
20157
17129
17813
8288
13731
16671
14011
16430
15943
15809
7167
14248
3202
7324
20563
1791
20755
14721
13740
5779
15216
7452
10088
8646
12127
9868
9052
10456
17723
2617
7193
19
2213
11108
7966
13601
2199
7370
3309
16985
11003
3644
910
4729
8698
1467
12249
13061
1234
9022
15707
7828
18527
20400
1066
10314
20234
6504
19077
17708
11579
6581
10238
20709
7657
17022
13397
15866
2858
11902
9961
2463
3061
11102
14794
17719
5068
2626
6926
16256
16937
20322
1681
5753
20544
12463
6134
6386
20155
17256
5306
14375
7305
8770
1341
7826
8281
19595
5772
6773
16749
6621
16017
19277
3012
6402
13709
7163
3778
6380
18162
20626
17706
14380
17572
294
4200
18444
15999
11197
9540
11597
17828
13612
19692
9775
4303
18913
2130
11418
4288
16475
15183
7231
5648
2124
1877
17827
19672
10960
9347
14572
5357
8393
6207
11677
10844
8372
17189
2189
15449
20526
550
10370
13663
16356
16481
6410
10788
7005
6353
5795
20011
11836
11512
18478
10368
17176
7575
10383
13089
418
3512
17364
19020
4227
19953
11104
14659
19290
11248
8432
13597
4819
12448
9946
20875
16124
20006
3465
18694
9742
8190
8184
12901
8233
2754
14455
16461
13923
19132
2707
7918
13973
10409
20003
18017
10573
16672
15097
9583
9237
7894
11164
14990
19642
4742
534
18243
6135
17918
9110
3626
1847
7721
16367
19547
9192
12725
20883
21024
94
5063
15652
12247
14289
19274
9004
17524
8038
3292
8430
19538
4580
14180
6033
407
5556
2801
6340
145
404
6904
10165
19724
3532
10815
761
10460
4746
17302
7522
10196
8428
16971
16600
8268
19401
5477
15448
16659
19691
13131
20231
20640
5808
10247
5533
19877
9484
19664
21155
17348
11332
6808
6001
38
11190
9689
4540
15837
8343
19624
18831
1523
14932
2387
8227
3942
1562
18771
13435
17976
13896
5884
8441
17197
10066
7107
12136
15550
800
17850
8934
2627
12685
6119
8598
2735
9653
8746
19135
19023
11790
15203
1262
20456
16673
13197
7540
6025
15558
20317
1452
21215
19478
17097
20926
17904
1814
2953
17095
13581
18025
1775
5054
11627
5515
1173
11272
15301
3434
21058
7144
20169
3585
10552
11960
14346
11463
7133
17208
19993
18740
16166
20212
10519
17728
2761
18232
18684
291
3184
338
8283
18172
20713
14112
11637
5980
15115
16283
3330
16189
8903
20678
13830
20461
2492
391
21085
11955
2046
17283
6038
11209
81
14734
17865
15400
8827
6472
2253
20948
2734
5061
1372
10340
12711
14616
6473
7216
15465
17906
593
5495
13014
353
14718
17863
18986
3483
6718
4949
15441
798
19496
4203
1004
13580
14930
19066
11228
4530
1123
13820
669
6458
15796
7818
2670
20879
14980
9096
21198
1183
8600
17900
18820
19753
5269
13133
17179
17820
17972
20228
12386
19861
1764
10940
3639
2600
17181
19458
13781
4023
20786
10877
6768
20909
18224
14204
2646
14348
14757
817
8246
5208
14917
16715
12803
19061
18280
11008
16185
15724
20507
10197
5845
1538
14187
18315
1645
17951
10408
13092
3163
13993
16072
14236
2336
5202
3931
4217
11552
16800
1981
19887
10795
2000
625
6322
8870
18696
18945
12457
3062
3676
11292
3569
10169
9385
6323
11544
16643
7353
14361
21097
7209
17581
18536
16573
14139
17679
1276
13407
21164
8691
19713
7856
12217
7672
2631
15533
8161
9017
9265
8750
4600
4685
2695
18538
12720
12423
258
732
13868
17452
16320
19610
7111
540
11466
5853
7809
4170
20981
9420
14630
1245
6517
16884
19101
17543
20714
8760
201
6852
18962
10242
8998
5895
12480
20562
1203
2764
13300
4375
20139
15001
10558
834
13566
10542
260
18569
16610
17032
693
1950
336
9378
18482
9152
1330
14411
13583
6724
10629
2930
6557
3361
17408
10900
6389
8182
18675
13250
12598
1070
17734
18975
20491
4070
17541
6285
9887
20821
4144
9232
12740
11492
17188
10150
12670
13898
2320
7060
10052
1265
10798
4642
20668
224
19363
2123
12114
16520
20351
19912
2212
13767
3849
9709
12522
13626
5288
15800
5058
14239
3860
14086
14941
18632
10201
17819
765
12343
15013
20347
17195
11042
19864
7991
764
4098
4614
12636
18266
6183
10441
11291
21136
5102
15155
12075
20401
4330
8786
4513
4915
2643
8389
10536
20321
8310
19449
18948
10941
8930
7920
6553
9407
16306
8364
20224
12098
8388
15166
6628
3903
20247
6392
346
5250
1806
751
3485
11313
16090
7429
17661
4658
9816
18633
11886
11954
9866
7021
12899
20592
2386
10117
19236
3490
10556
1326
10684
11297
12970
15267
16052
1529
19126
5233
56
5516
20849
7046
11834
5519
19744
19080
19542
5345
6897
2924
17407
7044
19191
6158
7402
17788
11073
7560
10614
16257
3929
7510
654
1940
7968
3768
3198
319
17134
15445
9960
10896
9835
17702
1800
18597
18163
5157
2215
18610
586
17971
5609
17810
11895
10033
5907
19283
11022
16238
20830
1757
18662
11913
9372
20385
5394
3448
14859
15803
5654
2615
8665
2319
9691
7328
1841
9319
6743
9811
3999
19549
6737
15458
12256
8395
1882
18095
21100
17893
20743
1854
16135
21133
10598
12068
8616
16101
14747
7999
9060
4838
2545
18816
3384
15788
533
7590
10966
18240
2782
10863
7535
8259
20851
3287
15261
10524
16583
12644
4524
12986
252
7091
15240
8235
20281
4676
15911
14040
20954
4666
3940
19443
7022
13441
2346
3884
51
3311
5483
6106
15293
7782
3889
9785
18521
9111
20065
11448
2091
6048
5587
14282
18451
13126
1217
11963
901
1715
4847
15567
172
21188
801
2853
13625
16267
1526
10805
4199
10692
18373
1016
7695
1507
7438
17154
2864
10069
3899
4229
5008
18922
16054
11602
20761
21151
373
10492
1926
1291
13974
14543
2907
6910
19543
4102
8127
4672
236
17633
5448
9548
17835
14276
5852
1186
12778
8997
10110
14587
1750
3566
9659
7661
17159
13112
4962
5714
6766
6872
16806
4207
4905
2133
5442
12449
18968
9736
6644
15420
13372
17085
3303
10180
8484
20305
9763
13032
10662
21135
10017
16190
1848
10656
20031
568
3254
8293
16099
8843
7740
1488
18311
18768
16605
7282
14837
8042
6450
9805
8077
5593
13026
17475
17136
5765
16766
3637
9073
2194
8013
3071
2308
6943
9383
2771
1597
11932
18499
3266
5166
15985
15442
15438
372
19720
2312
18288
10342
19827
16078
1461
15669
14453
10858
18181
239
12669
1029
20389
8518
4276
17304
21195
17274
13579
15414
7694
16031
3609
7006
17838
5916
6442
12503
21191
3107
15555
186
2214
17263
20119
20249
1079
872
15990
19314
9339
20631
5064
12822
6710
9182
8140
12322
3715
2587
2314
16739
11254
3529
10593
11039
11009
2090
19870
2550
1912
16578
12848
2962
20335
6420
3885
3753
1953
12704
3924
9261
16780
10288
9149
12334
9495
13632
14888
12562
6570
5047
12798
3310
16694
8848
19115
13523
20960
11133
18387
11576
13653
16208
20906
16014
2998
14652
13716
18914
7666
17028
325
6112
21013
18062
11349
5952
340
9419
1786
16941
20808
18021
4142
270
12340
5077
17811
1017
1394
18253
6061
347
778
9861
13797
15461
21148
16611
17295
6489
21099
1267
15939
5781
8818
15718
17184
11077
18178
13549
18961
8688
3855
7333
11474
241
203
16828
5113
11801
16899
3996
8584
3169
17607
17806
20135
7978
10249
20487
6435
2228
19003
10931
8515
13072
9843
2688
16842
2353
16986
19106
17266
4160
10760
16668
4123
7912
1625
18813
1574
9940
4857
10034
13450
12525
772
4294
19209
15426
6214
2567
6457
14768
4384
8705
5940
479
16960
10403
13915
14654
1037
20339
15995
17878
1910
19152
14070
1406
13607
655
12591
20738
9499
4710
12843
5723
4717
14726
5151
13562
18421
19071
20303
14879
15626
11944
20897
12632
16153
11565
14338
1071
13331
4773
3511
18705
1557
17350
19621
8669
13432
7380
18880
10357
17444
8550
3800
15381
1206
15767
4528
1836
17035
4998
9739
14068
15198
8384
18967
5468
13977
10303
4737
19463
4115
16175
15783
8026
20797
12956
12344
11235
3496
5582
14425
20773
9333
903
2590
8520
8910
5411
15083
1589
16096
11571
14889
12758
2088
5544
11699
16464
6491
14406
17400
3944
17333
5893
3127
18228
1517
4163
2993
18772
20002
14357
6974
8477
589
19019
14547
7136
20590
19907
20140
15374
6714
20202
13987
5658
21023
5171
11899
19926
1466
8012
19743
11293
15534
12605
622
12753
753
1772
2344
13313
16374
19461
20994
1894
3618
5228
14162
6883
6998
18333
15886
13552
36
19885
6823
20811
20260
5165
18269
16051
2478
5292
757
225
5264
12459
10870
12187
10140
54
3261
18031
15826
19808
3024
14974
5110
17969
3908
4947
8028
18805
13005
10332
254
18641
12391
4584
3042
10142
16794
17941
19942
4033
8313
13592
2155
17509
14609
16698
10920
11920
7204
18602
7970
2013
4769
6529
15802
13476
10653
8337
17586
15950
8499
1706
4485
1136
7214
16380
16695
14114
8982
14229
12455
4148
18666
645
5361
10174
7048
10380
11343
8020
15165
298
12156
5529
18459
14491
7948
16773
5180
15643
1756
7042
11226
4340
19465
3150
13526
16222
6913
9853
15574
15972
15056
3035
18866
13912
17314
3429
12147
9932
7367
20735
6338
15133
37
2774
13970
14550
18917
6299
13287
14048
4370
16155
12732
11763
18648
4699
2738
13308
3208
7117
20531
11126
5010
16994
3836
6437
12460
12917
10665
8869
905
1117
11524
2036
8792
10549
11809
17984
7173
3610
17380
19220
18703
7526
19233
15116
2288
3851
21163
4618
20665
19193
13448
11211
6149
11671
5646
1021
3282
4059
13368
12240
6567
21029
7178
19254
5347
5563
18086
20016
19565
8640
17210
20450
19886
19044
10341
12209
9496
1125
20901
4981
16609
2050
18695
20414
11041
8228
9776
1298
9862
3467
14275
12694
2990
11743
1164
13495
583
7366
217
14387
4712
4325
17886
19396
5415
12721
14303
9043
9704
15497
20982
3200
14262
3058
21126
15265
17533
9778
5775
4117
15214
4477
7057
12859
376
1532
14051
11907
13829
11608
11231
19622
18064
4316
20767
16725
6047
11747
12922
14278
5381
4720
17313
15110
3362
13793
14263
461
11222
13271
8408
4610
1082
9997
12839
11404
8108
18223
9870
16502
10070
17087
1359
14532
10349
5638
8201
4508
3722
11325
10451
16085
14949
13362
10725
10841
9068
14610
334
7164
9212
2983
3873
18367
3677
12890
13696
5417
4628
19378
14468
5636
15586
11894
17994
3932
21098
13274
18144
8169
2089
10484
8439
14284
8404
13648
11370
8345
289
4000
16308
18112
3579
19714
16270
12488
3253
19603
20669
12561
3326
950
8620
20575
18173
13071
20121
8825
5707
8070
20848
2500
17413
3920
726
321
10374
630
441
5485
15617
15730
14044
13170
1582
8375
19742
10907
7376
776
18668
20394
17009
9329
13762
938
7781
21128
15194
8557
1900
13678
18352
11486
18135
9637
17034
6580
13798
3602
9051
18010
14514
11140
5559
11599
10986
19319
3771
1573
17727
5573
20925
13275
14972
14880
5822
14000
15061
12205
10979
4401
9321
16935
16546
17742
6459
14389
5174
19643
15940
10161
12014
97
5502
10091
19849
5622
972
5651
9539
2884
499
1145
10139
18185
19718
20597
19259
2922
2079
7846
8217
19793
10942
9525
15045
2867
9657
13941
14029
7011
8256
17138
19536
5379
4967
20579
18882
4576
17005
12088
846
8045
12594
12736
2461
4407
19204
14830
8993
9151
9197
10775
10824
12119
14232
6962
11199
20802
18699
10359
15259
18464
10851
9543
933
7477
1140
15865
20381
7127
5427
506
4412
4219
20096
10363
3875
7008
2709
17296
15324
9622
16177
19057
13732
20809
20455
8865
14026
14365
18393
7536
12772
7543
4564
1273
17628
1525
6027
4476
1419
3813
14631
15109
10411
16024
1460
10223
15144
4979
1290
6530
14076
891
17958
16915
7090
18756
12573
19552
11799
10537
14281
20310
20775
2959
10578
19660
20917
21107
17634
7175
14267
16084
13149
11074
14153
13318
14217
20696
17977
20711
2002
375
7757
1498
15406
20722
6454
11112
549
10838
12080
9813
16774
1565
6181
20182
10685
9279
15779
727
1618
11354
19358
11821
19487
8122
1465
3420
5551
6024
4990
1962
7923
18035
1371
20332
13268
11595
7103
15811
685
3245
6855
267
2329
403
4466
8663
8157
16147
1746
4794
18339
1061
9807
2383
6549
16252
1281
16772
21078
16418
497
19227
5028
12600
19507
5810
11754
11572
20510
14687
19712
9712
8112
17630
16179
5031
12360
9361
6742
17694
5494
14369
19302
15009
1560
12703
85
8905
2334
18918
17852
19451
16630
1642
10580
18827
19989
20539
19256
11910
8422
20447
2358
17789
11182
7110
19303
8778
4387
17919
8501
4534
2529
7494
18897
15719
13269
7919
6274
11219
14632
4074
1026
12269
19529
20887
17654
8562
18989
18399
5191
2068
3804
9442
11810
9779
20548
1547
5445
16646
20395
15193
4522
6468
10790
10192
16686
4489
11639
18764
6635
3219
15071
17406
7261
3296
3345
16557
17324
10148
13953
598
7200
9429
1598
1108
6546
2589
18195
12321
20585
7067
9063
12436
8813
13557
8091
6364
1300
20110
11214
8019
20857
14905
4189
19127
9677
2029
10098
14258
21005
9590
14959
10670
15663
19364
4106
10800
11994
6151
20380
20165
9296
2691
10789
18942
15128
18787
595
16144
19074
8703
2468
15846
16473
4087
15402
248
10415
8154
17480
2183
16918
2941
8414
5172
8085
13371
4337
15322
16979
18559
12747
8101
11518
19203
9277
15285
19774
3051
13242
6847
10730
2795
11786
4130
8832
781
16719
5024
9910
15090
15417
19158
2854
3725
18480
1065
13910
9603
10703
6307
20620
11605
2420
20284
175
17610
8366
11338
5462
1572
1451
2010
700
17010
2513
18760
7936
4264
20886
14962
18585
21178
76
11098
3349
12807
16507
14655
2486
10962
10534
15020
14953
856
5194
818
16439
17025
10191
4703
13107
19273
413
1209
4490
7299
10020
3258
5961
13589
6372
16408
5390
13577
9958
6918
1168
6753
3503
5747
6292
1883
3093
17907
18015
6264
7441
3933
6736
13134
6172
1862
17262
12518
12273
4514
8693
19701
20233
17739
2702
18502
177
8795
6792
5790
7401
3075
14707
20052
9491
13445
11217
11252
80
8409
10694
11651
16133
6015
7712
13761
19175
9705
11804
12478
6358
13130
6569
7696
5454
16729
18657
7507
814
10647
15008
2588
10365
17098
12333
8539
20591
18615
387
3153
14247
15345
2095
978
8949
5863
6836
324
14074
16562
12008
1823
7829
19047
20173
16262
4705
20606
9728
4452
19906
19285
748
10929
6703
1049
1360
17617
13852
7942
242
10086
13718
89
9118
237
11123
20503
7202
1350
7706
18085
17908
16470
10154
11831
8354
4405
12699
13712
14585
2690
3499
6997
1132
19317
14848
15901
13516
13418
1767
15915
7132
1897
14549
18826
14713
9363
11951
10762
21183
3550
516
9633
10304
18670
5541
6620
639
8718
18368
537
4473
4156
3640
58
9307
21065
907
15897
2719
16580
5265
6447
11909
11015
66
12639
12036
11985
3936
11969
16607
19173
18557
1707
14833
11925
19516
17794
4283
20860
11273
20431
18405
943
8629
10275
12666
13846
15928
9939
19950
19389
18577
4983
12951
15703
18170
19118
2310
14309
4041
4657
8447
3679
19253
12016
7278
14635
7433
5984
8054
16042
2038
7159
11381
4479
14982
21003
1020
19947
7933
9394
6174
7994
7547
11721
6992
2430
8802
5862
779
19267
5564
13220
11896
3935
3472
1177
15922
9804
130
628
8039
1059
19579
229
18177
4253
10391
52
7243
6007
29
10289
20238
5708
19251
16585
4376
2446
11958
16063
8737
1687
12770
8682
14254
7585
12905
18410
5177
1879
15895
15151
13571
4204
13715
15920
16804
17580
10874
15289
14803
5490
1034
6225
19869
11869
3961
18828
17750
11698
2512
10299
17516
12886
911
135
20934
11898
9684
15034
9003
17849
19943
12877
16793
12092
14940
12806
20444
8183
12108
19407
15375
16835
2394
9252
17745
10682
259
20858
16635
13924
8483
14634
2743
5830
1835
16623
7979
5864
2879
20595
6942
4498
12381
19467
11010
6355
11093
2674
2416
7751
14457
6588
12116
20588
11423
8213
2055
6062
619
20614
17442
422
19068
10000
8202
14860
14016
21066
5949
15199
2328
17392
6328
11774
21175
3658
15073
72
15443
11147
11455
17409
7749
6676
6235
1624
157
1983
7686
10075
18197
1555
18540
5432
15098
15048
13766
3104
18987
14079
5263
1347
1269
18562
11940
75
9246
16626
11151
12607
11873
4008
11516
16581
16827
7539
1595
8603
9435
1893
4053
9756
6831
104
11479
12519
9748
16433
13163
19867
2763
12541
5523
877
780
15868
5303
1430
19460
12493
826
9636
5206
1960
10206
14261
15785
5188
12668
3419
9560
4111
3962
10535
163
7356
18553
12862
19117
14968
17624
4562
1368
7583
14493
5741
7407
2715
6642
18712
13677
8983
11168
13687
100
15052
214
20866
4532
17683
18222
4708
19197
1629
20410
14498
20103
10072
15916
14604
19238
3407
17926
2722
7858
14555
9389
3801
16134
4263
20679
10445
2411
4461
11218
15608
14160
12690
7313
18881
19816
16730
19054
12927
6245
19726
19321
17884
17224
11160
3997
9699
15046
16955
4322
15654
3688
18889
17597
4968
18861
2198
19998
10793
3004
9239
13264
1263
8444
2203
13468
2604
5941
17996
11346
19678
13187
9505
974
4046
3001
9783
2053
5650
11456
13470
15888
20307
7263
2347
3055
7518
13944
13850
2516
18838
11148
17209
2052
3112
501
486
17721
10376
4030
19459
6006
676
13932
7552
3727
1551
5441
9186
13992
30
13069
1121
20254
3786
14461
5012
11620
14478
20749
398
20350
2144
16763
18900
1165
10660
5387
4214
13700
1038
10718
18584
20459
12331
15142
19213
19646
18487
15577
2330
9036
9137
11630
8853
15641
4526
11874
8098
1087
8119
5686
2729
7041
12857
9006
9972
7934
10889
8724
2769
250
19165
2807
9898
4447
13669
10465
20680
16011
16197
1322
11979
1930
20214
1345
1154
4109
4413
9777
7386
6631
13935
14285
17565
18225
12267
9310
6003
19927
17535
20038
2498
11195
6075
1484
10010
11227
14141
4842
6208
3331
4035
16383
8864
11830
19746
3129
18663
20854
12319
2772
9516
18326
17843
6487
339
18292
15243
8931
3702
618
17987
6741
14402
16969
2756
185
13831
20137
7007
8361
17898
763
20275
11267
20017
5692
9472
14033
2230
3744
14699
1924
20877
12528
13546
8316
16016
12093
6767
12148
12810
4906
13807
12231
16145
18955
19310
8333
11714
10565
7800
10756
19372
7615
15639
13316
204
1218
165
116
20855
7156
13102
11367
17979
18298
11373
8236
11877
19837
10837
16361
17715
8559
4089
8170
14516
731
20403
3459
1970
3068
18230
16107
10324
4986
9667
20160
2749
12743
19513
20241
13400
4208
17200
17327
2979
20334
6972
18528
5942
16950
719
18867
12199
15983
18631
5894
8683
16236
1761
14627
16615
17254
7171
18455
6076
10947
20580
19130
4009
13454
15956
20578
6537
14023
13791
19090
18658
9635
12368
6164
18544
12520
3700
2909
10240
19504
4723
6989
1548
20574
5579
3018
399
10397
14308
12263
4718
14724
1308
16972
8041
2554
19490
20370
13301
14147
5431
2433
15200
17024
705
13903
3981
17700
12507
21171
18322
11065
2116
17717
9569
15981
16362
8105
8761
14185
1536
6265
9758
190
19518
6083
16091
9050
11176
1508
10885
1819
12783
4721
1366
15094
273
14577
14763
11141
7902
11366
7371
18416
16160
1254
5930
9825
8790
7537
12674
15979
10778
12124
6379
8784
15637
3277
10840
7338
9969
13813
21094
2289
13976
18
13288
15674
5870
4849
2107
8768
6639
11628
6521
2620
9069
14613
18171
1003
3181
17437
18926
7988
2493
18414
8592
15148
16654
7519
927
20008
3685
111
16978
8110
9405
8482
14518
11371
11113
16998
19025
19609
3652
3986
9892
16251
4725
20719
10696
8841
11936
7977
519
15861
16420
6760
19076
12085
11175
12188
20644
5329
20295
9810
15962
13425
15366
19976
17464
5273
3119
702
17148
511
9854
1174
1858
10202
14426
5553
785
18383
4277
2727
1033
12707
19843
15689
11337
4216
16801
414
275
7643
11477
20316
9301
4493
18650
4926
452
11611
14573
15229
15179
8297
4152
1616
18164
6497
8315
6510
20144
11137
9313
895
6589
18752
7419
14241
799
18263
20057
13353
4756
7580
10463
18310
13085
5701
19648
17640
17663
12888
20386
3945
14997
6316
6066
7847
17476
12168
8794
3059
18290
8549
13081
14648
17361
5451
17498
20885
19995
7873
9171
19762
20469
8522
17247
19237
5848
10400
17191
18751
17799
2245
12640
2011
13799
7115
6548
5037
17845
15953
16637
14976
1215
16891
15278
1712
13952
17185
10690
16689
16382
6488
10488
19186
143
18589
13465
12943
18979
2381
11923
4520
9530
15508
3513
425
4224
13754
12718
16521
18007
9268
16150
12180
21014
10613
12271
5780
15516
4398
13512
6209
2775
18009
880
18598
327
11110
2960
16865
13872
4154
14744
17017
1470
18105
8498
4158
14683
3387
13278
3617
15593
7432
2369
7898
17161
9788
1184
717
7264
5287
8286
20927
7391
16622
462
7311
2710
6100
3547
20126
3327
10825
13412
12045
12236
16577
10001
7036
16245
1349
8167
4821
15553
4228
9578
10067
7020
15379
13426
1216
18910
12303
2519
16010
15978
5724
19842
11350
14999
7135
13585
934
15410
21046
17334
15570
14021
5018
14578
152
18870
13068
7357
12469
8415
17270
4644
7542
11345
12780
12811
5095
9561
20391
9512
7640
4758
11091
15706
12942
11765
8919
12617
5630
11437
4047
10462
13347
18697
7624
7303
13038
3438
9629
16928
10138
13902
16335
8373
16407
10956
6662
2865
13180
4660
15446
4122
6725
16244
4127
4511
14505
14395
6246
1738
384
3862
20059
5492
4090
24
9927
7037
1677
19727
21061
19652
10687
14421
16535
13421
19945
2453
10427
10362
12808
15207
20133
1352
6369
7244
4113
9917
14714
13900
8436
6565
1097
11062
16469
16143
4602
8424
15635
18403
14628
5181
19846
794
18676
2850
20603
15665
6465
14693
12017
9566
11103
2696
10709
6040
4396
4653
6712
12625
16511
4545
3707
2040
19860
14920
15477
13916
6413
1211
2129
11716
18318
13572
8597
4832
17894
15089
7284
10220
9317
3845
14660
5782
18561
358
8985
19435
14125
4627
4740
15427
10944
19133
13545
6432
9325
19968
19007
13088
12216
8419
4722
19817
2528
6876
12691
601
7971
13458
10200
9889
2583
17147
8290
3443
3620
7490
13502
4064
13891
7119
9986
13413
13386
10293
9059
14929
15469
3888
15564
4889
15456
16920
1321
10438
13009
502
13246
19420
674
11500
10450
14060
13459
2023
2655
8929
18078
20225
15721
19662
3151
4656
20426
15136
21149
15596
3036
16379
16619
15132
18980
17371
16458
1667
11498
18214
18102
9586
14820
263
1494
13238
17063
10467
5644
8196
2718
19432
7955
19157
3007
4804
8617
3226
1959
5149
7199
7232
2058
14900
20751
21120
13384
17631
14266
14919
19814
500
6041
14237
18935
9412
1708
917
4467
2833
8467
11334
3641
6930
3415
3315
19316
20643
5282
8826
5768
35
9549
5210
18212
10857
19506
8062
16965
27
2736
13682
6143
2639
16554
11675
11060
9283
1107
480
19755
18215
13466
5874
17284
2835
7865
12621
15320
19422
2873
6196
14220
21139
10990
9701
5079
19128
17936
8493
19895
13389
12175
4951
12232
14685
21201
4876
3604
6280
21158
9766
10671
257
6506
16227
6738
3100
17795
12171
6295
18686
13146
742
20130
16440
8873
20156
4367
8774
13328
292
19255
15786
1013
19159
4460
9116
12041
20843
1621
2148
18956
18576
12377
10012
13115
13023
13949
16097
4211
7000
5943
10502
688
3197
13460
2307
9367
16255
11398
8806
3353
18094
3235
5336
3891
10366
18605
4042
19075
8696
18791
8156
17577
19362
14769
555
18953
9089
16488
12574
8431
21122
17510
10045
5302
18966
14915
10711
16970
15961
8645
9599
10322
1185
9519
6068
1821
5950
6050
8198
19839
15662
6146
3241
9373
2656
10532
21185
16317
2970
3268
11506
10569
8633
5352
14186
16232
5591
17548
996
5581
2443
19201
18957
1416
15835
13055
19667
20388
13175
6184
15704
149
13406
12638
19499
5903
782
11590
9388
16479
1830
4525
8588
1815
19530
8671
1605
4415
11090
8007
18063
6483
11280
14827
5818
14448
9815
7932
14250
9646
2395
9626
9015
3708
16966
3413
9882
20180
18735
20153
3833
735
8831
7928
19509
11655
17469
15076
16325
9685
3757
13809
20815
13657
2616
6484
11614
3243
4680
4950
552
14984
124
15454
13735
16956
19125
19202
16260
14711
3706
21115
9464
14846
12765
4681
4719
12792
7915
20466
7916
7930
1666
20824
14325
16529
12912
5789
11220
12293
7086
12328
14740
19874
18377
10319
9019
5222
5167
12693
16120
20502
6492
15280
10261
6678
5518
46
12413
14730
3246
14203
859
19967
12705
1377
808
6035
10051
1339
4039
2469
10277
17677
3080
362
142
6216
7259
5052
12194
19073
3205
9035
2117
5284
19242
15640
19174
15631
18627
7608
1927
8143
14393
3599
18239
18166
20781
17373
4101
7116
4363
18374
17877
11547
523
7935
18022
15780
9574
16533
12229
13208
332
18916
8526
12730
4051
2992
215
1579
17901
10511
8996
10222
7364
7852
20863
2961
5205
8350
10424
17672
14085
16284
14127
19139
4468
10002
13452
17770
20337
9877
15918
15678
20518
1982
20319
18027
16892
824
12854
15871
13736
13575
394
16816
10904
4438
6522
180
2113
10612
7690
3043
7228
20449
3344
13996
10903
2364
16757
8080
965
14471
15494
14008
1329
16110
14092
17573
6870
18247
19634
4190
3086
9938
16593
4183
2663
9572
12234
20268
16885
17766
13670
16360
5801
4138
4001
7297
20995
15182
2895
8732
4018
3359
19960
13826
8519
14913
10975
20795
18571
21052
810
16653
6461
5539
16925
20371
249
11196
4273
10126
18287
14245
14494
1949
11525
1904
17652
20049
4274
5029
5276
745
4612
11229
276
20423
19370
12517
1541
13040
15595
3863
712
2278
8176
3223
19010
11403
12352
9498
6133
940
2652
6684
18101
6573
8049
12841
667
17414
7378
21143
9415
13537
12376
3896
16008
4686
12260
8804
16743
4954
5855
17131
10525
4178
9362
20799
12675
13875
6564
2122
8886
316
13866
3505
4823
14716
8947
219
455
16924
1351
15440
20457
7833
13939
4578
10892
1672
18046
13185
3230
17744
2881
2445
18777
11223
9544
19035
21015
19014
5729
13224
19505
21204
469
15150
11560
15173
13320
2351
3994
6332
5988
11207
11470
9072
18274
13560
13609
1399
12490
15349
11408
15213
16303
20911
5365
20602
1109
561
14080
12565
6193
11264
12170
14786
2568
2051
7268
2480
12501
16281
126
14694
9773
10379
4291
12429
20150
9146
15743
9074
6627
2762
5670
13561
5118
10586
16771
15589
15805
18879
633
3735
228
150
6694
5070
15828
4108
15600
12818
12542
8650
4222
11751
3409
8058
11043
10902
18778
20473
1701
16650
6603
6958
20725
13909
5383
13065
8495
15561
6666
13550
15613
9138
12355
4077
2593
2746
10581
17223
18998
9542
548
12052
13478
1793
8082
14372
13024
12931
21141
4806
8697
9894
2280
11758
3270
7063
7598
10839
3170
1376
942
10426
14894
5134
13806
5236
20336
2044
8051
14178
2658
13207
17763
7516
14144
7538
5305
11569
20980
8964
18734
11531
11961
13077
13439
10743
17825
17220
7306
19476
18153
9381
16028
3013
14663
1369
473
11526
14470
11859
16642
16171
20023
15433
10372
12530
19990
8362
12421
17639
3474
4901
21130
21017
14770
11761
14738
20645
2157
213
9914
19600
12709
13290
14344
8568
5756
4946
343
3144
6525
16212
15122
9229
2341
14091
8612
7720
19918
12895
5910
11056
9160
16219
17125
8859
16657
10295
8963
19018
18932
17614
1137
16561
12700
12181
5315
7611
11139
5190
7138
20102
16372
3755
12787
14401
7506
13927
1181
44
8834
1502
13387
13693
12037
20320
6675
3571
144
9639
4024
19940
13044
9219
6305
14666
9790
9617
7772
7108
8666
6782
1634
4372
9707
21081
18174
17790
4045
15714
12761
6263
3782
5921
675
6982
16750
7735
20736
15676
4619
17649
11146
9023
15039
15282
3140
15711
20277
17172
2472
9802
9698
18939
16403
2360
4393
5351
3938
8081
13122
10246
4709
9172
20828
5914
2923
18895
5521
1544
18256
235
1675
11311
8675
17668
17991
12534
17341
13531
7304
6446
743
7783
3853
9450
7064
14617
17711
7130
10526
13431
1196
14030
14320
17824
7572
9356
2535
18113
12372
9077
6651
10309
11318
19807
17462
10673
18661
10917
15847
2836
9794
8810
11638
10307
18217
15350
12453
14556
14538
12572
19231
15365
11391
13905
18853
19092
3011
20183
7636
20720
1550
1129
16838
20280
10731
17885
9478
10097
16068
19155
7674
14881
20324
2484
2223
1951
4084
14704
8397
8977
16736
1852
20939
7172
9965
19235
211
96
20204
5861
14710
18133
10145
19000
17952
4191
1511
17933
8084
11846
5296
10396
2915
10015
7606
16388
16863
19611
6249
9851
13059
1822
12179
21090
10729
20100
12064
10455
11259
13893
8241
10992
15304
18096
9842
20528
5367
7097
2385
11760
20475
14439
10176
4884
64
20217
20136
7710
20600
4243
10970
10630
79
3406
4289
14146
8651
10386
10848
9020
2943
5420
8262
18307
2229
13404
14582
3678
10272
20069
7877
2911
14251
7599
19143
20766
6827
11773
20865
5023
13576
13399
19452
15924
1638
8608
14473
3133
7652
16462
13929
692
2306
6427
16948
5243
12113
9558
9027
5260
8984
19612
8759
20012
515
4818
21190
13685
20845
13383
18537
15112
15359
11462
11822
14388
3698
9554
17120
14645
16512
14857
7012
17089
2832
3697
7445
4280
2173
3649
14891
11966
6520
18340
6267
18623
18068
7607
9493
1896
17422
2869
6608
18825
7623
148
19293
14334
11618
17277
734
20220
1104
9672
8970
8451
15432
4766
18894
13803
12834
7350
8738
3591
4499
14677
8787
17574
18150
10911
19431
5148
15385
11402
17731
16235
15909
3736
12030
14676
5434
15018
8758
333
13721
1138
4620
20791
13168
4159
3672
7190
2906
15257
3152
14135
12146
5235
12868
5377
8791
13634
3040
11548
2976
19340
17065
13309
821
10834
9690
10744
18213
19862
20810
7521
10619
16515
14335
1315
6012
16149
3718
16545
637
3009
11738
2804
8218
3166
11842
7095
11670
16266
4671
18260
9207
20365
16656
16140
18245
14902
12402
5501
12633
5814
9899
3607
17629
4535
15239
2778
4875
14358
19946
20393
3039
8346
19792
8973
16831
4632
15525
2363
10276
1213
11885
20667
14657
9460
1899
13513
10071
4368
12858
12734
20888
16268
9327
20826
1446
2805
11066
8087
15412
4920
20041
7245
4800
7308
17673
5246
17876
17399
4297
13423
18278
14037
980
4010
19349
5342
3234
17858
4333
4914
5918
1435
7165
592
5141
14825
15327
13588
11201
16814
8199
3464
6750
508
7224
5409
17174
12158
17281
4982
10637
2811
20064
1445
9793
18476
20692
7028
7752
7281
14036
18127
19734
7746
16541
10599
10432
21160
8807
16916
11791
18057
12461
4783
326
10633
15969
3207
13189
5849
6689
15234
7055
18023
6090
20873
12039
4048
3486
10399
14653
7455
19091
10481
18370
3596
12065
9873
15447
11581
1781
18664
18710
553
4171
2634
874
16397
1250
146
14608
11389
7718
21152
20993
1968
5709
5234
18327
7922
1440
5823
11289
10566
8083
10499
15700
18199
15727
8822
18520
4272
2012
7246
2252
13324
2630
3138
11652
1253
16393
10168
11537
3780
13202
8177
5750
3233
17658
4593
16478
1679
2460
21037
11733
9255
308
16959
10890
1599
749
3739
918
3781
16940
4583
3520
20124
18601
20710
5871
9791
3790
20538
2664
21082
18958
1362
10531
3648
9047
11904
5546
12272
17410
8142
12580
8092
18117
16747
7914
13567
4244
754
535
6053
3657
6077
7098
5295
8380
18425
15181
13667
6220
9564
1242
11854
4781
132
4313
3754
19455
12298
5995
19920
15378
14700
5922
10032
19345
1705
17050
19145
9386
19284
11116
16908
10635
5281
1032
3890
18466
5279
8174
4234
1091
18603
10856
1818
8892
898
15371
8604
17861
12330
8547
20114
5125
19892
4969
5144
4858
13377
17288
8512
18586
1869
11504
19471
612
1124
3482
19172
12775
16234
11435
14104
21111
14691
3590
3651
13127
19857
19935
9324
17905
19315
19705
14511
4887
17401
1697
2515
15812
20259
18145
3950
19803
9263
17081
12253
607
10514
11943
18988
13853
14797
3552
13899
15164
2020
17508
13174
10777
4541
18965
3971
13768
9700
10590
5726
21112
6907
14490
12988
20301
5679
6315
14381
20063
4381
1380
19185
10054
2889
8207
11298
16574
8978
4626
2114
2466
8723
10207
17554
5983
14106
19336
12296
6858
18845
5813
17359
16263
8933
4403
5702
10759
14442
6203
8325
8462
12609
5160
13138
2739
13209
19052
13446
18151
5005
10923
10182
6150
15007
12152
11717
12027
21168
13706
17049
6284
2565
6595
3286
19123
18397
10570
4714
15147
10254
7589
18261
18976
4179
1243
18128
11258
7443
10172
3297
15556
15907
1443
7400
5101
1208
7480
9316
14961
11558
14283
8555
19572
20655
3214
16576
12728
9956
6327
6383
665
13336
7056
9993
10211
15100
7318
10262
7272
6777
4149
15368
16907
19397
7748
13456
16746
7258
19411
2174
867
6884
9247
10186
19512
17632
7379
3475
19421
17939
16130
21064
19225
11723
14885
15931
3300
8204
15027
3082
16079
6333
8426
13057
11327
5325
12809
10852
7460
7635
14383
3299
15988
6101
16370
20496
11683
13311
1676
15720
16821
17896
12952
4853
10412
3281
10937
12275
7188
803
17758
16193
21034
15154
13505
17459
14851
20407
19548
13645
1796
4349
3053
498
15357
8134
19109
5844
3090
14875
11358
14497
6756
13748
21102
17514
4223
18625
9354
15879
13234
19732
14301
7791
10043
11919
11827
17837
15117
2473
16128
18309
4455
5960
91
13933
10869
11523
13842
4323
12738
5041
3083
13646
15887
21042
4808
3666
2483
16723
6330
16226
14529
9682
12409
18056
18220
6682
19210
11601
3066
594
1528
14850
5901
10453
7646
10617
14368
973
15913
2580
4177
3810
15163
7731
12237
6272
82
17003
10234
7388
8147
12051
1429
19931
2316
11974
3396
11296
15543
5733
18486
9834
18795
12055
10104
19469
10475
4162
2048
4878
14045
17756
15274
1636
15318
19958
789
8376
20910
13106
18708
737
4518
16813
725
6973
11718
15217
5310
13105
360
8450
19017
614
17339
7872
8382
15125
16791
7982
8093
8994
16019
16259
13722
9090
13570
17454
6241
19628
10606
14209
9008
17090
11379
9101
15867
16446
7447
17609
16758
13777
10253
7569
1365
11745
19178
13990
16034
3521
15253
6411
21116
17802
3624
1391
16482
3947
4927
3182
1393
11857
6706
14864
5278
10529
18812
9274
8971
14522
2518
10287
20399
13615
6659
7219
20619
6072
19042
947
15423
4779
18654
6116
6480
7616
5641
3424
7993
2388
12465
18972
8065
17995
21076
13402
6495
7675
251
12259
5484
2216
9661
4521
1939
15472
13861
591
6342
3335
1747
14130
13821
12578
5114
1853
11434
7260
7765
8945
8237
18745
4339
19016
17665
2792
7511
3160
19286
5209
6582
8224
12796
14123
11152
14417
16629
7450
218
19488
15309
579
14882
20567
7775
20914
6648
15096
11519
16113
14445
20916
2128
6125
13277
19971
13161
14298
11598
2439
11279
873
7481
12630
3869
2082
6593
9208
5869
8463
1200
4883
19965
7806
4554
10282
15399
20163
16720
19937
3005
5797
10213
8969
351
3029
18110
4013
7187
2476
18822
4896
12612
16112
5479
19322
9872
1520
13056
15976
3298
14579
16669
16033
8884
19633
11158
17970
2265
17236
4284
9750
20903
18198
1969
1449
2984
10686
20932
131
9858
17165
5542
3337
9258
17689
13971
20880
15082
3990
14812
10105
18844
12400
1799
14078
6138
2147
11667
11736
12268
3941
5455
6935
6262
852
18898
15316
16125
9675
17489
385
18990
5632
12735
19263
1787
7642
6289
9188
19559
11097
18599
13819
17981
7529
12616
315
16952
62
9649
7471
8610
5343
6028
8582
1637
1742
3171
14235
15822
19373
7183
10604
16414
15659
13194
9641
15409
20967
5313
1131
20464
3446
19058
653
13796
3922
1355
8304
6384
8891
12564
16711
2431
12881
15462
5402
18474
2813
4648
1240
8481
10951
13869
9243
11234
12299
8117
17759
19120
7161
4637
6780
14198
2305
1944
12551
19924
16243
19006
8187
11883
1608
14790
1432
3910
5998
15314
12031
12285
7853
16218
7880
6084
2301
21197
19564
6660
16895
3134
20769
11177
15883
1205
14271
1056
16290
7080
9531
9836
354
13825
13100
2260
788
18803
1224
11415
15716
20145
16363
666
6444
8271
4095
12557
4675
7321
19930
15859
17775
13241
6277
17862
13804
13628
14189
10083
16542
6121
10708
10833
20375
3568
16779
2654
17403
3114
9248
19899
6469
15511
6578
15657
2120
4390
4953
11362
9714
11615
10216
13001
11660
2293
4668
5599
1779
14485
19114
17116
5882
12385
9902
6317
16396
4309
19845
10026
8743
12161
16466
8469
20622
12815
9904
7801
10847
5326
7242
20127
20642
8893
10563
20159
8421
7771
9891
3510
8712
5103
1086
14893
14903
18277
20490
9480
5557
15206
3379
6833
16592
19521
21118
19339
20488
3431
3787
11679
17338
9984
14423
5992
7118
3795
10482
9980
14876
12604
2657
18535
3824
1996
13836
9211
9524
4879
20093
15146
12748
8418
2225
20560
18473
10187
6294
5589
20558
6300
10509
6343
513
18407
18380
19826
11081
10873
9706
12686
20959
20965
4741
18974
11020
4255
870
10816
12028
14605
5159
6254
10125
20683
6526
20613
12035
2628
1325
14094
17169
12111
879
18799
18815
12781
1292
1870
19840
4355
2533
2315
15536
13049
5635
14099
2224
7351
11021
12339
15509
14128
16027
4881
17360
2372
205
2066
20430
6906
19108
8763
10679
12568
3380
4673
9817
18802
13734
12077
8359
14589
13800
10763
18936
86
20997
2175
5981
6197
2503
14741
21119
15503
17684
13519
3136
20162
18066
18851
19972
15049
15264
5422
15195
2598
8309
13578
101
9221
18058
68
19526
1669
6286
12506
6572
7003
14513
9697
471
9021
19970
5873
20506
21108
616
15845
3854
11781
16943
16174
21036
848
15810
10248
2441
14151
6945
383
9552
7182
6
12631
8730
4972
18876
18959
13631
1805
7714
4399
19184
15120
20935
12394
2166
6218
18334
15317
12879
1801
11244
19934
13827
12799
13691
995
14121
10361
12954
19312
19540
12131
16195
14367
17504
14562
15353
11632
14390
14965
495
5561
9031
1077
20572
20933
3960
20046
12601
8322
12367
4373
7474
20377
8385
1534
894
4352
6451
9300
7941
16688
8785
10470
12615
16057
11341
20118
3654
997
18130
16401
9490
5067
2544
19436
16312
13334
310
6397
15562
13166
7584
12634
5951
4751
3600
10233
2190
20822
13183
2956
4893
15419
17638
18137
5170
1475
8889
11629
5580
4523
13863
19021
17729
10328
1233
14873
10783
17903
1843
13216
9391
8720
19034
13235
19484
6519
643
1986
3519
8789
4551
15614
10796
2636
11973
6931
13260
19217
3290
1333
2815
87
18554
21217
19281
12933
11553
19994
9587
494
7094
1503
2477
19599
11496
15040
10414
15266
13417
6057
14046
20902
17956
2063
9384
9392
7579
20248
412
12979
20128
19894
7670
12456
6915
9799
18413
12603
4342
2537
20549
13440
17513
600
15139
18836
10353
3530
3492
20129
984
21105
9911
15283
18332
12408
10080
2918
17842
5207
20834
15902
5734
13111
18971
2008
20152
11676
3982
15792
21031
6032
7486
17412
13681
8130
3892
3352
16413
4984
7876
14510
11439
11659
14583
8962
20598
13664
12034
8959
12089
3587
14817
9897
1866
5977
16834
6118
9335
16737
10797
12383
13940
16064
4371
19434
3390
17100
17544
7329
909
12154
6105
18055
4615
15994
9285
6762
15855
6142
6705
11457
8676
14155
20889
15161
7671
17563
19758
5439
11285
3687
8867
7463
19668
17143
19655
18719
15004
8856
17446
20688
18997
9579
13811
16402
129
9890
2885
4425
18259
12658
14752
10766
3952
19939
13661
17667
4682
7084
11777
5767
3110
14482
5684
7614
10228
4418
4994
9235
19070
2084
3776
20032
7152
20837
18741
16146
17647
8319
5358
1354
8317
11555
12284
18713
576
10305
21219
17119
12671
13538
10967
12198
10622
3213
13972
14515
7270
17115
15699
11656
8009
16815
1144
5710
4589
9901
11185
8578
11281
17703
19409
11001
17310
13497
15899
3919
646
17897
10312
19503
5735
5843
10930
7332
18411
11269
4761
18175
20373
19850
15601
20904
8378
3016
17943
5716
1306
4921
4453
12138
17064
11323
14570
12558
14789
19977
20882
2343
9951
7641
13125
17015
9674
7855
11130
7430
14296
15557
13739
20367
19917
7251
2552
14124
15421
12977
10146
1477
2006
5275
18830
5015
15258
15799
9647
9650
4727
658
16917
9312
9451
18115
18832
13035
5027
3734
14034
9376
581
4817
17568
5856
7092
1504
12349
8939
4771
390
3806
5937
2758
19015
19913
15569
9119
4063
2165
16836
15024
4735
19661
1448
12998
14950
2356
18551
15250
15404
3049
18954
12086
6097
488
14737
20142
8556
13789
18249
4060
7525
3843
9514
9406
7437
13812
6550
3436
17818
11715
13662
14159
13405
11251
6765
449
19856
18182
13176
8863
8456
19300
15709
20869
19072
15159
20081
5001
6866
10666
3577
14898
10100
10056
16819
17269
1963
8643
7302
13652
13553
19308
7989
17201
4763
661
18468
16919
8783
16419
17834
19207
9818
4780
7917
10298
1724
15906
9223
3576
15296
10018
11099
19337
2080
9121
11125
7285
15754
16151
14179
15087
11661
6719
631
2474
9822
2
424
14447
10436
4828
14306
13139
16776
11835
460
8358
7573
962
11634
16517
2132
6266
5825
5669
15
8323
4960
9269
14430
19685
8567
9294
6366
18422
18915
8078
15245
7446
1223
6617
9916
20302
9550
8587
18074
3796
20612
20972
18229
986
7343
1918
2407
2872
15748
12914
13043
16963
19037
10927
10723
13455
13236
5904
20698
16187
6456
7325
10746
20379
6934
5637
19855
15770
13284
10382
13266
13675
8274
13885
8352
2640
3742
17318
19900
6019
18270
16216
16777
1898
4609
15361
18071
6815
21134
6518
4577
7837
19596
11282
13312
6187
1773
16046
9644
18818
8504
3573
3161
2784
16900
4903
8046
605
19086
19608
2447
2996
11797
5309
17315
1244
9001
8830
6496
10953
9718
12880
19137
9428
5694
1105
18467
6013
8966
14397
9447
16327
4555
6914
20022
3951
3404
17776
7185
6195
8209
4767
3477
8229
9606
12984
20269
5535
16313
12345
1491
12784
9103
17232
1166
19188
11757
18608
3398
14100
19716
13774
20240
5917
9457
14364
16294
16020
609
21095
5595
9468
9337
4726
20852
926
8914
7693
21218
8071
2974
12452
2017
15876
10926
10946
14041
2555
17693
3447
3291
2569
14773
13704
5806
18840
4715
11427
481
16660
8120
17280
4304
19454
7252
17453
10523
6145
11811
8178
15169
18196
16786
9280
2744
12358
12782
9849
7066
12656
17072
31
1225
8764
4592
9396
300
17699
16358
19475
2270
18053
1811
344
105
15422
16463
12755
6334
19525
3175
13522
3684
5751
1090
17968
18906
12509
11355
5924
1412
184
20034
10014
4531
11051
9250
15685
17486
13160
12953
5809
10094
209
2111
12153
1426
2156
16035
12411
813
1777
8434
2817
17233
17354
12495
17139
1710
14444
19232
16291
5621
19794
3868
12470
11551
3308
4843
1340
13252
20451
21173
1878
2255
12498
3710
17552
1370
17378
9533
20206
133
4052
8935
15014
3199
8771
18593
11987
16391
7972
12297
3716
10344
15740
5626
2917
2093
17705
8928
9106
13656
16201
11978
17940
7734
13914
8728
7032
1499
16846
3717
13651
20146
20976
20432
19464
959
4083
14328
10136
19835
2396
11283
8299
539
1283
19295
3376
14131
10964
11215
17033
8672
6733
8715
15057
6324
6880
3926
12835
5116
3840
20029
16296
14027
2096
3034
2311
4027
7587
10448
19680
3317
7660
19141
2875
12864
8593
578
13509
20724
3750
17196
14736
2100
9638
563
4798
17511
18124
4068
7001
8548
11145
17070
18549
13532
896
11163
11314
9093
3070
5152
2047
13892
19228
4848
6269
17963
11845
19671
181
9477
4696
489
14614
16604
12751
2256
18542
11178
7451
12184
9427
15232
18575
8883
11785
16789
12341
2963
13650
2015
9334
5887
8490
2186
7383
1259
20519
7467
5366
2170
5972
9218
9680
4140
11594
11019
6258
3428
19741
2708
10707
2965
5820
12950
967
5833
3323
10773
7389
20754
2948
12819
15737
11643
20296
14181
18849
2543
18246
1210
13787
14313
4616
9577
7421
8301
1314
16122
13079
10049
20342
10490
17482
17019
18337
19982
6212
11277
17381
1519
12087
18532
9931
19129
13558
9066
15973
14055
3358
602
17681
107
18498
582
3369
16621
9028
19966
11262
8594
8320
7596
7820
2361
5021
7336
14063
6899
2986
14942
12510
4996
4613
19914
1229
11419
5584
20756
12678
12286
2912
4565
2491
2534
19537
19480
12529
15852
12532
11563
1357
20053
17495
5375
20499
6554
15758
14863
14269
438
14377
10323
890
8435
20638
8926
10278
11183
6995
15833
15241
19045
21002
17701
11310
2901
3953
16344
16741
543
16304
5971
18363
264
796
5592
16421
18183
7043
900
20039
3912
7337
20018
16613
11856
12940
4300
16006
5979
5267
2104
15821
16186
13864
17542
5770
5187
11584
12861
6387
12898
11260
16608
7280
19891
3372
6652
17590
3692
381
17966
8003
18088
191
15031
12022
18907
3631
5093
15606
16065
5330
11212
18319
2464
1844
2937
14541
10325
2284
6800
15292
18044
1046
12468
16081
8401
14001
1671
5656
17426
14838
8874
19444
6535
8860
8777
16785
7100
8128
374
11452
492
19804
1305
17988
4419
13938
5923
9162
8575
4797
17261
1871
17343
4310
16240
17547
15390
178
1238
860
7610
18620
17540
13518
18707
1543
2849
13050
7289
19748
15681
4335
5259
9166
18842
17243
21144
1252
10204
123
11284
13054
13289
18863
18428
2898
13028
5846
161
17012
11593
19268
4909
13494
10978
8221
15286
19222
10115
8008
9869
9117
4820
4952
7434
7592
8701
10748
2599
17228
13957
11329
20438
9995
19500
16883
2897
12749
18801
20896
16879
8057
9470
18237
9390
15686
4537
9029
2368
15968
17948
19858
1653
11058
11719
5158
16939
4359
18471
13776
11833
2737
1505
15099
14792
5550
15554
4886
15647
17178
5929
20832
8096
8534
8258
2862
5133
15263
11583
15491
20516
4544
8950
18206
109
4014
14649
8961
13233
18129
10681
15898
18349
3064
18424
20489
5324
10347
19009
5323
14082
17792
465
10024
2812
2456
16158
14723
13602
4745
10721
10823
9656
11876
12641
7323
18494
3403
9410
21092
5552
17171
11711
15310
12827
6965
2809
11092
8357
12262
15583
18330
10025
18013
20611
1151
16954
17346
5919
7544
14057
14007
2145
5994
20445
19160
13453
14692
12491
7416
16001
12702
7562
1042
19387
21025
2926
18156
5014
4993
21043
4186
13506
12719
12066
15065
19986
12069
15762
7807
6936
5426
11852
5989
1808
5842
18276
8854
13856
12800
12645
18794
8413
4124
12067
1704
14295
4864
2697
3726
19448
19602
16990
7352
17601
6393
14698
1722
483
20363
10842
18069
12316
864
18282
7995
9953
3882
11213
18372
2161
13293
11532
3814
2153
1396
3432
12280
164
8311
2612
2553
1387
13090
3984
13934
13188
4257
4880
1680
3581
3549
19248
7747
2108
4017
13683
14785
10541
3541
9297
17562
7273
10355
9193
14782
6545
4221
14499
18899
10333
4603
12681
18047
4789
5706
5572
2243
12789
14056
7390
15227
20859
7805
16687
10561
15948
20446
1929
9038
10131
2487
13108
20919
9113
18786
11365
17421
6363
1932
12539
16797
837
12884
20440
4601
16770
2352
6507
12474
16989
19069
6610
10050
15957
1654
7859
20931
15998
10123
16250
1119
8480
4774
3192
2406
6034
12392
14512
3105
17892
3255
1763
8132
9377
6865
18860
538
17848
10737
14311
17558
9823
6933
4366
12325
8679
7730
3791
5386
4517
6117
8882
19520
14101
4704
16808
14379
10471
11853
20471
8904
19028
14419
1611
15605
6329
7676
13587
1685
14495
8387
3180
2254
7679
12287
863
3913
11138
11820
11188
16378
18427
16282
3126
17784
10006
2001
6382
18920
19413
6607
541
19059
15958
13282
9860
13763
11388
1257
14777
19848
4824
3928
8772
7485
16845
7860
16000
16477
9833
4080
16625
3137
8027
202
3554
20892
9547
20697
13265
11241
2806
18207
19206
6596
12407
12608
10454
20731
13000
18888
10925
9511
8180
5672
7425
2045
19637
14017
6811
1789
9200
5328
16641
19910
8900
17724
18685
8595
16769
11156
19192
9871
1043
11589
9290
4961
7653
15047
4397
20108
2883
11806
9054
12769
10141
1699
15702
13463
4428
3921
4318
16731
10562
9304
580
20492
19620
19983
10483
10061
514
15364
10888
11173
13344
12174
9743
12070
18950
8565
11120
10785
5503
9422
11931
13201
5902
13865
3017
9615
16734
10420
3948
3876
10700
15905
14489
15715
11045
769
18180
6591
15251
4638
20728
5576
8879
14581
151
20077
9812
4753
3341
12281
12990
4462
17778
10932
6957
14234
2485
7013
1743
8326
12404
18390
12614
6841
20061
14317
19096
11035
11693
13477
5897
16368
11762
281
11941
9770
7488
16426
20483
19733
3664
12737
13215
4031
5476
5798
13755
14852
15075
12302
7257
17183
15392
3411
17203
10329
19138
18252
10023
11681
9803
21214
18667
17520
11396
4096
11998
10112
16914
9725
15104
8200
16200
11114
12359
9611
3819
8264
8847
4311
12683
3203
3751
4321
16083
12643
9303
4977
20185
4081
8295
14987
2077
2041
999
8282
7018
11372
7702
6715
11384
9678
7514
6115
1952
10065
9740
10321
1141
19041
17282
10784
16025
17765
12320
644
18295
12164
19654
4286
3509
13411
2870
20682
20805
7925
16997
4406
18643
19030
13144
19457
7495
13325
20660
14506
10831
12567
244
6515
17083
19497
6229
128
14097
15892
16722
1148
4851
8558
989
12538
3598
19944
11529
3145
14452
4852
12011
19570
20712
15485
9716
1457
1690
9924
12487
14450
16894
4086
12731
3694
14705
14926
18179
20201
16759
17000
16589
14994
13879
19558
12945
17506
3109
13951
12439
1478
10337
20663
2632
18947
8942
2584
14405
9467
9970
3139
19632
7745
6779
6405
2577
12431
5908
2863
2171
15035
1159
7849
9645
2505
3991
1606
2365
16662
8524
3766
16930
3364
20760
8060
12151
15623
206
9885
11645
7792
4826
454
4859
16087
18829
19299
20938
3354
3342
4775
4169
16111
13012
8001
9483
3196
2151
20998
16886
17932
3190
7886
7150
11684
20289
8445
10198
2540
440
14340
20654
1187
15211
2578
9521
4942
9098
14038
12629
20232
2687
5517
16280
6609
6802
9165
11016
961
21020
3067
18097
12960
16249
11320
7557
11802
12304
6785
3371
15611
9198
19601
32
7767
12433
19789
12342
2725
11450
8347
13742
2327
14618
3452
17322
19366
20627
5038
17248
855
9844
7658
14916
9782
8673
19013
16598
3421
10818
11843
6376
12270
12258
7644
7937
7462
13297
10817
19430
3143
2859
10575
9576
20429
5876
1293
3478
8303
9624
14422
15992
18024
7548
12535
20348
7198
18533
17523
4970
4431
12015
15984
19523
3551
9485
13136
19805
7109
18302
9964
7126
7785
8276
3668
17107
887
12566
13967
8871
16415
14354
4198
2435
20827
15839
15032
20778
14134
1771
15725
2143
3865
4916
9538
18184
5198
10040
9147
12505
7295
7509
3523
17395
6804
17998
6182
13351
19778
9765
1227
17374
13172
14766
10618
9640
19423
703
20117
13164
13642
15452
16258
17186
17687
861
3189
12581
20868
14536
4547
3699
923
9421
20235
4553
1382
13752
16053
20200
4434
20479
4777
8296
10107
19975
2903
2138
19812
10437
4475
4938
889
6490
10957
13758
2192
17121
17781
10259
17390
5195
5614
16744
7058
16856
20149
11641
12026
11887
16906
14592
17557
13679
21073
9440
3537
15153
10292
5660
17938
5613
11034
20759
7417
7479
21114
5353
12549
15731
20460
7473
4308
3630
20211
4285
15697
20056
10720
18969
3861
6912
1993
15945
5374
19200
2299
13124
9476
8251
19323
7566
15768
6795
18075
11739
7221
9430
3346
13349
15781
13113
5341
19729
8901
5385
15670
1122
4066
21192
5800
14286
17450
11756
20758
20504
4752
10738
953
21011
18651
708
16389
266
11606
5080
12301
13555
18408
7711
15225
11321
17505
33
924
7316
4231
18524
5616
7287
13345
11040
14095
15140
12248
19510
21063
14807
14973
10735
6513
429
12891
2510
8399
2904
3740
271
16768
10011
2370
2376
14674
14952
18546
16082
704
4910
8741
795
5163
12090
5131
5560
16676
3065
6968
6113
21050
7147
13823
16233
8745
10251
18970
19187
17347
18267
15036
19230
3900
16129
8231
8607
738
8403
11990
10019
13037
932
3008
16560
4270
2390
9395
20345
10352
8999
6233
19245
5969
10977
18864
14571
15362
5299
2085
17569
15218
18314
18226
16056
10281
5253
19240
17428
16764
3789
19318
18855
2282
14064
17847
15804
17004
17031
14849
4966
2339
17772
11194
10021
17753
12228
19247
566
6370
14895
14554
1156
11788
8089
4141
13779
8695
1080
2819
7230
13394
14075
21127
15468
13556
17564
4486
4157
6862
17467
10320
9358
20331
17912
7054
3634
3567
14039
20706
752
626
11441
4282
365
21193
5967
7713
9067
16503
17798
647
13342
2378
18982
8946
18375
2076
6493
3173
14243
9755
6541
1758
2231
16315
19700
6499
2830
19102
16944
13042
790
7331
17928
6601
9266
3357
15118
14386
13148
13582
12947
396
14517
18859
19749
13649
15113
10872
20221
12166
9311
14391
117
11078
15739
1126
17294
8379
15869
11916
16602
14878
3680
14890
3295
18420
4357
6055
17079
9954
13420
8815
17092
1780
5727
12143
1922
8471
5623
9097
11075
3636
17888
5482
4631
16136
11780
10727
8374
8654
610
19578
5135
4839
10714
16707
2442
17796
20498
8953
15645
3283
2706
3712
14006
18784
7472
16896
10726
8849
4882
1784
15531
19590
11157
2436
15376
2362
19024
18284
15683
20514
15077
20618
19607
10936
14899
4623
14806
14145
14415
10623
171
158
8318
7913
10620
1402
14302
17868
5334
10828
9343
195
3325
3535
11533
3264
13398
4598
11342
13109
16910
11585
13182
775
18366
2060
6599
14324
18807
17691
16999
14877
13184
15547
15672
19495
20123
8321
1241
6586
14937
11221
17808
11433
18396
3391
3992
20085
12390
2560
13486
7469
9382
20801
6404
7699
16983
11534
8302
9341
19752
13326
14673
114
558
6228
4129
15398
19650
8563
12785
21180
13515
20586
11596
4259
20691
7677
17518
2184
13802
312
2449
20199
10988
19626
20392
4945
20615
12845
16724
5168
19884
5359
1188
11946
2829
17190
935
21172
2140
7233
7802
6707
17207
16848
1128
9923
3155
9079
5307
9466
6857
6868
3759
3946
11727
20940
1471
18505
12723
21211
14955
17619
15430
5380
7327
14641
7088
15186
11202
11352
17937
39
11610
1052
3370
11625
10643
4374
14195
14765
12563
20344
18775
19360
13984
14671
8175
11387
7168
10750
21222
18868
6281
18242
7882
2273
10425
3906
5456
16094
173
13255
1941
8805
9456
12973
12606
4005
19819
12626
8838
11027
20992
9048
13744
7990
7047
13499
7029
4608
14382
12889
3760
786
17222
9452
457
3401
16395
3829
6579
6987
6787
17303
18079
10226
10812
439
16039
728
4146
4201
5652
13743
5447
12346
10732
17537
12172
18763
8344
18100
7072
13481
16423
9523
284
15172
18083
18919
6341
19586
14594
9713
1766
13925
5838
12760
17733
20629
8898
18438
8619
3301
20083
3580
21053
6251
19311
3262
1751
10339
2570
11669
15223
18592
2065
13047
10628
474
2542
16872
6692
13244
18189
19417
19004
21047
10082
16518
10548
18123
14802
823
1214
5857
1984
1698
8173
5226
7033
16537
12908
16088
17056
747
6803
14620
17156
1307
17730
4007
20441
3802
5469
10607
19453
12157
7307
19735
13527
13310
1920
3215
6544
8163
7893
4145
11850
1510
1514
569
15342
14428
14154
19198
17881
11825
16902
21022
3842
14132
12500
2479
5252
10912
15006
6731
7470
7630
16404
2438
3103
15752
2785
5774
11237
12667
13270
13985
18821
9205
14861
16977
18653
10608
16795
15319
5725
15682
1301
12791
11499
18460
20437
15573
7309
1294
6219
8706
3963
12547
17718
7778
13841
14526
9591
16047
20685
18512
16237
5850
6508
9217
20230
14403
5356
7980
43
7496
9557
948
8668
11460
14908
825
15025
10644
6568
9401
10270
14294
2530
8780
6123
13894
18033
14535
6391
10770
6629
5240
13147
9527
12274
9107
5507
6023
11968
7444
11819
4971
212
6238
6147
2345
9275
4135
1885
3949
16823
3242
3481
2325
9486
14182
9888
16332
10722
17021
20236
1827
369
18351
15290
10875
5487
13206
18038
17104
10122
1656
16947
9826
15642
9426
13212
10013
20988
4100
12929
12206
3132
5931
1744
9769
18477
15841
3728
4988
10955
48
13294
20648
15904
10375
4012
7528
15102
15527
18496
18659
11891
13619
3578
2355
3422
1887
2888
3238
10943
19698
4895
18582
10434
19167
19410
19531
5062
20569
8494
6423
18034
12
6199
3939
20418
5085
8637
13947
11473
11950
5585
17882
2302
10124
17807
15627
14058
6571
4112
7667
7969
11179
18190
13503
16265
1673
1641
2773
18436
15622
17082
6854
8222
701
11050
2313
3540
20941
8191
18588
19162
6971
19739
13048
3525
2295
16670
19905
12129
12618
7744
8944
16416
1421
960
2985
18508
6726
3669
16105
16192
2579
7689
42
4835
5314
7586
19527
10153
16682
7647
6230
4054
7298
10005
12911
12432
4976
3595
14072
15011
13375
17769
3069
12326
20874
3319
12454
10113
17526
16199
2740
13017
18289
1902
18430
14600
19659
13062
14640
4497
9727
6403
20501
15537
4034
4955
838
4738
10179
20262
17225
4925
1921
7016
4065
20290
16323
18305
9522
13725
10688
14731
13004
16709
11535
15766
19442
10822
15002
9314
17752
6677
2318
3410
5237
6139
2927
2731
17595
2536
7821
16591
4427
12101
3257
6771
5443
18273
4757
20520
19663
1212
3542
17424
17175
16548
4305
7102
18417
2666
3504
12021
2751
19385
371
5993
9594
18072
19098
13186
5835
20729
6449
13011
380
16921
1635
8798
14971
5934
8823
17690
18251
7153
16223
3267
18669
9143
12850
11378
6696
2585
1865
9908
6898
17061
6478
15708
5446
4904
13020
7799
15636
7025
3905
20780
19854
9479
12201
14224
2908
13029
5042
10645
16406
18655
14552
2549
8943
928
17566
14122
1895
17832
14865
18774
16277
13889
10765
12110
6331
14584
1537
19969
7697
8596
16710
4290
8033
18573
1025
5717
11922
10095
277
9289
14115
8517
2874
15705
20086
14463
20571
8141
5758
13795
17816
7790
6430
15003
7129
16484
16334
875
8165
11712
7250
20733
15927
10371
16871
12777
14169
17659
5231
3925
3248
3288
7038
20143
18301
21007
19189
15857
3606
3194
19710
99
8516
1509
11303
10516
819
19911
19398
10513
908
6085
7448
19328
1947
714
7288
10661
3111
3316
17713
10330
5220
8535
20349
5201
1469
9371
12365
10356
3191
19079
3426
16176
15522
3815
8497
18607
2582
12757
14697
2531
20115
306
857
17678
16839
19949
18824
12200
4902
15354
16409
13490
6414
6124
8917
15612
17780
11357
14615
19629
2887
750
1194
15632
10664
10663
2539
7883
12338
20635
6159
2304
10447
13443
6426
4392
2062
10640
15874
18634
2686
1280
17057
6309
15528
12771
10804
17394
4107
11033
9078
8680
4503
14066
11796
1256
15294
547
17645
19928
945
841
6421
20312
8334
16929
20930
7832
13434
521
7317
11633
19841
16868
6786
14853
12430
9454
11088
13415
11162
409
8464
955
10189
13504
8532
6232
2083
5217
17851
6278
16740
18545
8837
17242
3489
1571
18672
1275
18456
2021
2238
6169
15935
7725
9323
21004
10820
1696
599
3038
19534
7359
2891
2597
20066
10058
842
15476
7179
19568
20355
768
16254
2625
15765
11464
7634
15858
3848
21179
14896
13605
17605
16485
11510
8037
6094
12060
1946
15170
12442
6723
9795
20651
2286
3116
1501
12516
11416
6045
17669
16427
16183
16693
5410
2179
13918
2234
1407
20352
13429
21129
6953
13635
20757
12196
8552
20009
5963
7621
4877
7404
19784
20726
11884
12115
2882
6923
14118
3797
1521
6623
2921
2682
18202
45
19089
7954
8103
8234
10269
4867
3494
4840
8014
17604
18681
2779
15299
14191
6829
9094
14500
15425
21206
192
15275
10739
10385
11007
14702
20101
5525
13428
12458
20161
8363
5968
5112
17040
15680
3531
78
17927
20772
18362
3514
15923
4645
12492
5213
13041
6080
4377
6433
8880
3392
14170
526
11644
19032
6690
14120
19244
12444
5043
3670
11100
20584
660
1335
6687
11666
16913
16933
19081
13854
4992
19736
16909
10699
20601
17133
17231
20425
11937
19445
1999
12076
13613
18440
14729
7399
699
475
2637
1078
20955
4345
9824
4931
7075
3788
16309
19470
12727
6417
6558
18283
10428
556
9893
16161
4928
14651
13080
17194
4116
19384
13419
18933
8525
4165
11243
16346
20205
6925
5987
17720
6476
3522
18714
17596
1856
843
17293
11680
10046
20166
15696
9336
3558
9441
11767
15017
9168
2981
8689
15064
7377
18564
20035
11131
5985
5953
10236
11087
13348
2392
6494
18513
886
15389
12395
2033
8899
435
13473
7559
17675
5691
7728
3792
19379
1859
5057
20537
5271
13904
16180
19865
8554
14564
5532
19282
11414
5261
1620
15960
19859
9857
20765
11905
2030
18744
3471
12989
14370
7875
7673
739
9488
6311
19280
9683
6093
5004
14590
3122
16761
20021
6136
8023
6835
7484
5804
20977
11530
10698
14161
20042
12197
7648
6574
20968
9797
9014
10510
5569
11489
16499
18797
1700
7030
9284
1309
7177
3221
14988
6966
10801
20762
635
13633
8687
16337
13701
3450
4421
207
15219
20084
16381
733
9658
21041
5470
9643
14339
6036
18391
892
7903
50
20171
15548
9088
9345
14809
6462
6362
8776
5097
9481
18635
11377
3334
2240
13298
10689
5025
15174
18854
8747
791
5588
16148
9798
13988
10429
20314
17913
7691
12074
14434
23
18984
13007
19517
14192
3284
19800
1686
3293
20594
71
20534
919
19473
12291
11861
17074
9588
6820
17239
14684
14249
11385
17755
5697
18147
10163
8332
17771
18671
3054
9114
9621
7943
19522
20216
13230
815
1000
6797
15388
13817
1768
19979
3239
11650
6902
3318
10693
9459
5111
11672
7274
15337
2724
16995
1169
11497
17026
10143
1050
18924
7070
17989
17135
4003
18317
15505
20080
18769
17385
15247
19754
9814
1609
15815
19915
7424
14273
20037
15658
16211
12481
18006
21202
7571
12191
12218
5602
12363
19925
15546
16328
2527
2705
4275
20313
12434
7638
1533
14886
5605
16441
20850
18084
5428
9044
2780
10555
8566
189
10300
18949
5395
2786
6270
6614
16357
15818
17241
12307
10167
18371
14897
20508
13135
19810
6352
13451
9135
10334
15343
17445
3902
20718
18434
868
17320
4114
18148
15135
878
15840
510
5304
8024
14523
16217
7527
9155
1833
8911
3783
19836
20279
4019
13002
13794
6102
18453
18285
4854
5251
6153
16269
15881
1556
15192
15413
1997
9170
2936
3162
20030
14557
17123
545
6944
4716
17219
20372
2797
16664
12887
18492
3615
3545
17337
12939
1063
13442
16587
4299
9365
15784
6796
17473
11268
12084
1346
6236
194
8658
15620
6542
17271
16013
17909
15329
8050
21048
8618
8749
5693
1610
1442
1719
10972
9934
8583
77
16448
16114
11319
1913
2377
20953
5076
4516
7458
16468
11361
12698
11331
15819
13213
1627
5091
853
20330
2856
14360
8707
14813
19644
16123
11111
3078
9134
9839
3091
15934
2641
17301
19429
1235
4044
7227
7831
11135
6877
10395
13559
13733
17356
9526
5459
1400
19122
671
20448
22
20172
5986
2465
577
6991
19382
6547
7073
8835
16993
12415
7515
6071
11360
11328
9175
19134
1247
230
9431
1563
352
15492
16451
14414
6981
16487
2404
11539
17047
17036
3837
1204
11382
11724
19394
12944
15823
7267
13003
7593
13307
5935
1473
7975
9562
634
14548
11732
16550
3461
20838
20657
5430
19511
12981
21170
2521
9907
14436
14173
11421
20028
11808
7944
1630
14945
15951
4574
9585
672
15081
11787
9876
98
5418
14643
13621
16138
6839
5368
5092
8858
7987
19367
17696
11805
20695
16599
7491
6114
13901
6156
2798
487
14688
14758
8624
6755
20823
7960
7649
9308
16624
16467
1834
12266
6108
12508
9267
13883
9998
19901
5545
8580
19353
4388
2816
7926
11957
4232
930
1720
3918
3458
2982
11607
10527
7104
9800
14126
6955
5687
9191
20467
7449
840
6732
10225
14843
6069
14407
8809
8670
16055
11930
869
20226
2928
5069
3538
13930
19402
10843
15249
4444
182
9589
8857
6956
21209
8285
445
12592
2693
13541
20905
8340
17457
7330
6255
5860
10667
20468
4582
5634
19356
10886
6186
1074
3141
4193
9196
14333
7483
15506
20405
1855
19060
1072
10782
20010
12910
14539
13717
19890
10159
1568
17961
2711
2831
18644
15487
8270
1880
9446
19195
2649
1662
17869
3785
15496
5543
6646
6347
11945
14545
18126
3302
5414
13393
4004
13544
18406
1463
7683
16981
15228
1832
8660
5346
5467
4706
15872
10209
1172
4667
17512
12713
6783
14355
21177
5364
19657
10543
19515
12924
697
4846
2576
16116
1179
17602
6431
6634
6017
4188
16345
2504
10600
14732
2499
6818
19844
20752
19616
11574
17579
4548
3466
3425
15256
18531
19625
18221
20477
14420
15952
20040
18788
1487
6065
8102
3340
2605
4240
10433
8511
14231
9080
8767
2409
7373
1199
20125
16903
4076
18843
19703
3723
5221
7120
20051
14646
1268
8545
5534
12107
1027
9732
8533
18472
7039
2842
5881
14290
19400
16716
14690
5911
14199
13096
12446
6905
4278
16204
16809
4104
13596
7235
17215
11769
14607
9124
5612
12602
15242
5392
2018
10522
18747
10651
9504
2563
17455
2137
2204
5176
5936
10780
3866
3879
8398
15042
16844
4057
19033
8674
18167
20871
16522
5211
15529
14291
8762
6419
13680
12350
694
9245
3881
8253
5155
11695
18030
13346
3823
19799
16980
8851
3455
12397
13617
14213
8729
3124
8168
8941
15807
12892
18731
12844
16032
14003
16852
18347
15621
13730
3172
6470
10893
9654
16062
5607
12689
3019
17042
6388
5718
7074
2940
4246
7680
711
4935
9884
5498
9838
10151
10184
15279
2994
15382
17550
9985
1539
4147
6665
5933
9681
8700
20715
5396
18462
139
820
20424
2248
174
15753
9010
19961
7196
18522
19190
13936
1911
20274
20817
8211
17783
1937
18871
9260
3930
4538
7369
10160
15272
993
19582
4088
5084
20513
11927
9627
11121
448
9024
6202
16640
7639
21150
4831
18929
6191
18458
9596
9129
9906
18902
5178
13600
16549
8625
16108
10435
10961
19104
6528
18149
9399
10116
13162
17626
1007
1221
15302
13887
15124
4155
5673
6318
1639
21186
16870
2321
16021
6656
12178
1989
17883
14108
1010
16322
17167
19614
16220
6130
9723
4166
1886
3167
564
5115
4173
5373
10984
12486
11586
11247
2410
13521
13110
5721
14374
1795
8216
6917
11775
10909
20298
5183
7885
5453
17279
2459
299
16165
9338
18143
2196
12635
10641
6630
10266
10781
9753
21054
13614
10157
16568
18790
253
3000
17141
20472
14073
16387
13638
16215
16196
21039
19344
5473
1266
8370
2820
994
14739
1593
18465
4579
13401
16119
15000
11472
3028
18493
17743
15610
19896
7766
3313
12968
5050
19955
2978
63
18014
5289
1434
7629
3449
19825
20422
12652
11996
13711
11417
15944
18429
11315
5514
5642
5130
12513
7427
6727
1797
16292
17859
3095
19988
8748
20245
20999
2333
16003
14725
17955
5082
11002
5214
19707
9867
8215
2973
16480
16945
8324
20076
12006
3720
15507
20576
18877
18525
17379
10855
17479
11198
3218
7905
4153
16453
6937
20942
2424
2975
8308
3188
5350
19359
11694
102
5197
11952
5044
9648
13249
13218
15713
10736
7664
7497
5094
9049
20297
20357
8243
20708
15750
15830
20790
10520
1585
19597
3096
4417
20188
899
504
15062
13099
5947
4625
305
8561
14117
12763
227
9244
13253
9434
13975
1153
7843
20853
4748
5249
11838
11970
2251
16437
9711
8298
1965
6178
15824
3209
18960
11947
6092
13637
9273
3125
10512
12556
2574
14111
18556
13534
16231
18244
14751
14272
14219
4400
4260
17436
19606
17375
2845
2009
12464
17016
10603
21165
18116
2624
13075
2202
7123
12292
5391
19822
8878
4519
14323
12646
3157
2292
14791
13033
16364
19780
17110
13485
617
16319
7656
806
11106
15068
13436
8438
12123
6211
14760
5965
6728
12472
3328
11619
9489
3212
18872
12117
13911
14486
608
5520
14530
179
2419
13376
118
4539
16213
2834
2136
14883
17942
8722
6979
9224
20581
10078
11640
2259
18783
10596
13480
8473
3761
12094
12410
6967
885
20908
4320
14912
14678
18516
1271
20356
12925
256
13822
6761
12650
20891
4365
10423
16843
3696
14347
9556
11031
15712
13539
3980
1567
2847
11770
20294
3077
6594
8992
8734
4622
20141
9448
5677
13837
1226
18519
11700
8757
18138
434
13231
18446
18032
3237
9848
5474
6922
8855
2955
17448
4930
2408
17910
17760
6561
14606
14856
19933
7824
19215
18136
8644
5301
16889
4258
10274
15736
9865
10807
5318
6095
21032
9040
7411
13979
14314
6702
11642
18200
19677
3469
2675
19105
10741
20218
15560
11480
4731
15026
16683
5866
1055
16493
16782
13046
19541
13840
14171
4478
15544
9148
10102
18750
5661
19088
1019
4815
14892
17328
13814
17945
9179
6916
364
20366
10055
1570
14433
10119
20478
127
5665
2673
18450
13225
11735
14440
5722
12324
6951
15648
3159
20983
13120
350
14196
19341
20525
1703
4296
12586
3405
12499
4055
6801
7601
2154
420
11445
4470
6746
7174
773
17037
11934
15254
14253
5081
11575
3382
2766
6745
17112
11184
13922
4262
10616
7256
18419
5964
15255
2685
16649
20617
11753
2197
20251
13848
13835
4655
4422
19002
10205
19679
12975
7253
21083
6649
9222
3275
20521
8072
14845
20694
9344
11340
2127
7709
8564
18566
17785
5505
10294
7436
1490
19706
6257
16297
17416
11476
10155
8740
16833
13461
6993
3628
7637
25
18080
6932
14477
6813
16074
15156
6082
19415
19441
8351
14569
13928
16712
14621
11028
638
12553
15157
2342
1334
106
21109
16326
4870
5416
4991
12000
15202
3506
18614
13067
18141
8249
18457
19728
9864
10090
9462
18381
19008
4358
2246
2653
11294
15107
14392
6928
13995
4860
14194
16298
14810
17839
15603
10128
12102
10891
2642
7475
6924
17695
6109
11815
9351
7320
4036
10779
11860
16417
4426
18394
19144
11924
6890
15372
16293
19498
4457
5030
19485
6365
14701
370
9967
14874
1195
1327
16127
8489
4912
14992
368
6296
15693
17117
4937
6805
12227
16498
4629
16692
16273
17992
4061
2269
14835
10567
19333
1474
14270
5393
18808
2031
7294
17686
17013
2596
16627
4659
16926
4707
6875
1977
377
9820
18186
9950
11465
401
6772
13888
18624
16674
4348
9695
8885
12083
3917
16490
20747
10913
20636
4865
15373
3030
19324
3046
17854
9745
20257
5192
15698
13408
16365
19124
17767
11798
17078
3433
13142
17844
1644
18940
4841
9729
1725
15930
13738
12779
12185
12019
15827
13705
1110
12653
1875
14839
11649
5928
1612
13475
18192
673
6832
6647
16038
9159
20978
8574
9534
822
11915
20000
15464
5465
10315
17137
13689
8457
20194
6711
17046
6398
12767
20943
12570
2109
9016
3099
9962
3240
12212
1840
2317
1530
18418
4784
6759
11210
9475
19593
19690
11528
11832
15710
5034
15520
14509
11124
6788
1067
1311
8708
16276
3693
920
20547
16862
16089
1736
5348
8923
17363
17935
10574
1427
16275
13467
3659
10724
6618
1737
5885
13083
17234
11245
850
14561
4174
19153
11986
19489
6664
18754
4829
15834
6534
21194
8367
10486
5618
16636
15236
348
16352
2896
9974
1783
20187
9663
7726
2003
15060
8116
8753
15671
4103
21021
4923
18732
7078
12277
13205
15066
977
183
20047
2279
11515
11064
9730
11865
7031
3559
1436
1702
7504
20922
19291
7255
16428
14164
893
4336
7431
14981
4383
10945
21167
2803
13620
20671
15129
3147
1790
8067
14669
10418
20090
5406
16748
14553
6874
1917
16048
8232
5610
9002
17038
16532
3397
12661
21147
13808
20813
9150
19566
9703
1384
5122
10871
1813
4131
6056
1277
10638
14906
4711
15351
11089
19665
14449
477
15590
11897
6793
13884
4837
19882
1804
2172
10317
14424
8064
3818
4210
11879
11654
20359
15741
15921
16876
13082
16225
15820
7234
15123
9721
4697
12680
10585
20774
12348
9912
15196
15789
4869
2684
6556
10747
17321
4805
8756
3563
6830
6713
18323
10358
19823
11187
7275
10545
20545
9831
9863
12221
7758
7418
5565
13943
1587
4802
12544
15205
18001
17931
13223
11906
1379
985
3386
19533
18600
10866
6864
4772
19666
15058
4604
4378
15808
20946
1095
866
15248
15813
16173
882
10636
17383
18761
7687
20721
19438
1727
6206
17872
15664
19688
11709
16820
5322
20246
9673
6482
16702
13790
7789
12840
5699
9507
15733
2800
755
12210
10950
1423
6014
11255
9676
5896
632
3106
245
16
13128
8115
21131
7019
7612
13247
19038
21087
7836
3878
9158
19539
13780
9671
6415
13728
21084
9322
4567
2450
11431
19791
15429
13524
4429
21040
4918
15656
20987
1249
17570
1006
20358
7096
9535
15022
14967
8158
11186
18606
14901
3186
5824
8348
8742
11171
6721
12875
18160
10318
14472
1566
14242
2237
10377
19731
10149
6763
4414
9655
20540
5199
14576
7374
12502
7815
15344
698
162
18388
883
19922
20079
10109
19759
18264
6407
20486
7466
20841
19764
17250
19224
11105
10459
7863
4807
11461
12672
1872
20329
6374
5912
12244
3608
9230
604
5865
7732
11000
19635
20427
2429
13352
9272
4091
7051
17732
5185
14558
12971
16666
12920
7344
19787
1447
14804
11789
15325
16067
18019
7346
222
8335
2876
15010
2944
2610
12082
9926
20991
2277
8118
3470
17427
17875
13507
18500
18296
11150
6000
18941
8193
13361
1961
1943
2846
16685
9693
18154
15607
9299
4230
5258
575
11205
8527
8840
6096
17974
18131
16553
2946
2178
11812
2102
6188
11580
14868
7068
12369
3118
8775
4242
4306
14776
10190
14841
18759
542
17447
7500
11841
18746
6751
20116
14207
8735
20025
16438
8265
12654
15101
8465
12985
15336
1112
18619
832
3943
9563
15313
272
16525
20794
2723
16299
1716
6791
4175
17584
10134
5807
9194
16530
16849
17873
10079
15080
12242
9717
13764
11949
13410
2458
15941
5242
10311
464
9664
9581
11759
19704
1575
10257
17212
2061
11407
2669
5413
9084
17430
12878
858
663
2417
11459
865
13508
13695
13155
7435
12176
9433
4161
7811
2506
1839
13514
1735
7286
17275
629
6861
8172
430
12078
8468
8476
7087
19532
16465
19051
6845
7595
15933
7114
7910
12096
478
6161
7139
12867
3721
5399
4898
6029
6638
11208
2913
15932
13381
13708
14611
13959
17298
9095
6784
21075
10326
5019
8284
8300
4237
14458
8948
17124
4132
2022
18379
6824
18927
9886
20746
767
20255
9257
6663
10210
9719
297
9065
2454
9214
3265
7217
1809
17463
17950
14049
6126
13525
4254
262
17612
7810
9253
19797
15281
10096
10273
1192
17204
16077
1310
20957
15397
20899
20264
9991
9443
2163
12042
14612
4607
19334
2141
11863
2878
8125
8230
5596
4435
16514
13357
8205
5389
15175
10772
3484
11122
19888
15757
10310
9350
3732
10728
11307
15459
4599
2413
19275
19828
1193
8937
2324
11935
3518
2097
200
16098
15894
16073
9340
2557
13964
4443
261
12398
2375
21174
6428
2810
9320
21070
6730
8814
12934
7939
19580
17417
18364
13920
16874
3451
17376
3993
19656
7002
642
14951
10610
2135
18565
18250
20652
12684
13753
15176
6722
13488
13169
18338
3872
16359
15143
5854
9180
12821
7065
15221
2919
14754
15095
12764
7700
2303
12141
400
21033
4133
7754
17567
15619
18993
15545
17149
17871
4552
9988
7962
15435
15184
13554
6747
12512
16492
983
9850
16037
17641
9288
17355
5886
7871
4450
17625
5574
20681
10231
16927
8017
2423
12485
7520
8988
20087
13191
6443
19313
10810
5619
7940
10181
10572
3690
4799
2668
5739
12033
1390
4354
12189
17503
1842
18461
5002
18475
19619
4202
16544
10989
18291
21162
12290
17805
16443
5540
12622
5247
1998
8922
7717
19501
18346
7440
20608
20779
18005
16139
7422
16984
9642
15763
16790
16575
9053
5433
12996
16949
9011
12388
20684
67
19386
15798
8896
20092
5690
7788
756
20763
17307
349
20113
11999
2405
7761
16194
4424
20929
4239
15964
15333
12995
2562
14327
197
11117
11172
8636
1157
759
6645
14175
11755
1302
16076
2747
2551
12384
6303
4999
19929
17358
20078
7874
14759
15541
12865
4176
20792
13492
408
20658
14927
13395
1297
12142
2150
8371
16504
15016
14176
1337
10212
18555
8443
20197
304
21086
4293
20918
17530
14352
20672
922
7512
10595
13258
14593
3808
20970
11964
9404
9565
10918
19751
13101
20138
17735
7645
17415
19472
1907
7502
6406
17199
528
9254
4934
13655
15493
12790
21067
746
17902
3874
20442
603
11926
4679
11824
1665
4002
12040
4793
15483
11696
5506
16584
3893
70
14624
5604
4459
19761
4788
10037
10934
3911
14772
15303
2098
15305
18000
8267
11587
7247
10588
4509
1054
6819
20243
16866
2980
9013
10501
8560
10446
4488
10669
7099
9520
9828
5537
12252
5124
16230
6157
20075
12477
16261
4251
19553
5227
280
2032
7461
11658
8269
8148
12521
1774
11513
9033
9473
12716
9920
6010
2056
4572
10331
3037
17899
5606
17290
15582
5530
1116
9123
13998
988
8254
8909
8356
18921
6201
2414
17921
2742
17068
5274
7908
4056
4597
20974
2382
14443
11687
1640
12623
12579
15051
3329
10421
530
20676
7223
8799
12160
1524
12921
13363
18359
8611
20831
5461
15551
19005
12118
20990
8114
19717
9796
11901
10868
5382
2249
6176
6946
10393
19062
7546
21027
16755
20650
16508
8601
17226
20753
5812
16704
6900
19711
11542
9830
7929
1925
8754
20048
2614
20382
8226
8162
15549
7669
14109
13563
902
6770
5120
12250
7779
13152
16632
6310
15532
13143
10968
19681
4750
2601
4664
7487
16355
1236
5829
16126
5196
18043
6120
16655
13323
11057
10615
21113
15108
4268
4351
9757
5736
5349
13895
5119
20535
3974
21072
17915
20484
15383
14986
7
11086
17712
17846
18389
14598
7888
6291
5906
8572
10215
16221
2934
6612
15297
14925
14801
7393
5976
6697
7729
13867
4651
18286
10185
12916
5712
16677
395
19560
9546
11316
4433
12560
4542
6867
7508
19087
10443
12662
7958
13259
5256
987
12406
19699
6349
18796
8918
17929
19508
1028
15749
15646
16247
1378
11061
19078
10676
1392
5283
10496
8289
11559
5419
19973
9837
1231
15162
9751
19099
3970
3844
17007
11705
17670
18647
4075
11400
8653
11453
14682
8938
19270
14798
20004
1279
19477
18770
16543
269
19583
14834
9206
11501
1837
11604
5880
12659
3187
1622
8446
18448
7534
17949
9801
13409
7678
6846
12099
1062
10087
802
7355
6441
16295
18385
9282
20958
14689
6395
1324
12966
12012
4205
13229
11413
20354
12120
4543
7128
10369
6215
5508
16351
12752
11447
9397
10965
3681
423
10387
15829
12649
7724
20777
11636
1439
19156
20416
11991
4694
2678
14650
3956
17606
18558
2880
2787
19737
12836
11509
10702
3507
3730
18336
14413
8711
9056
14438
1176
11988
10474
20189
8765
5859
15220
10646
10029
7984
9453
10394
7071
11312
9026
4167
18944
3830
7040
11685
15455
876
12882
3825
14870
5140
8
17616
3828
141
18693
5444
12317
11068
5136
12225
8714
20474
14149
3838
20656
11300
14167
17205
57
8327
8875
8131
10701
17114
20328
20089
6527
1002
3955
5471
4941
2290
6693
17857
17496
18903
4187
9597
3247
14067
14211
15629
11238
12657
16385
551
5354
3714
2602
3764
13659
9220
4591
12851
20864
17944
13658
16639
3650
16859
6539
689
19433
6734
9007
15661
7625
18140
12332
6445
844
557
7326
4408
3278
16964
12393
9444
20973
6042
12906
20707
17954
21106
20276
4917
7213
14675
8107
18721
15137
6752
10908
20311
9733
16798
16339
4760
19779
6273
8907
15484
10767
21000
9841
2546
9424
9062
6412
15630
92
19676
4058
19218
1411
2201
5794
14385
17325
2266
1874
1175
3959
6226
3393
485
16784
2403
12224
2268
16565
10121
7985
17627
10042
17594
18548
6891
7841
53
5496
12312
12814
12182
5926
3491
914
5089
19641
11380
5600
17027
21213
20835
2287
9992
11697
8189
20024
6171
5685
15015
5958
14947
1614
18510
4432
3006
1413
14163
9306
11792
21208
15539
3454
11612
14996
20605
8029
11375
9600
2112
4037
2462
5773
7381
18678
15479
19343
690
20673
724
8866
17890
12797
3176
16878
14826
2371
3457
17517
11348
19777
16496
2103
10987
17431
8011
9439
20623
11469
18981
1838
16181
1531
13751
5100
6536
15360
7093
18169
5954
9418
9178
11037
19392
6927
7602
10162
255
19750
15891
15604
3412
2995
17041
2676
8487
10634
1246
12475
2752
17621
9025
10894
5731
4557
4787
11432
7208
1483
10981
18534
9364
16191
20829
14084
16041
18312
17054
18572
1942
15842
187
5888
12958
10195
8681
18209
7738
15041
3871
2969
13890
1516
4298
2348
10476
13805
18122
20768
8577
160
14623
10260
17113
13954
6503
9883
5083
15105
4350
10064
5872
18973
2087
491
13374
10402
11449
8570
20027
1024
659
9081
15782
2591
522
5900
15959
8002
944
1964
1688
7773
13239
19483
10938
8877
6479
10268
14781
15121
12239
7896
20607
5388
18504
15954
13355
17656
8225
19205
14394
15377
17591
14644
19305
590
18188
18415
13749
19169
19776
14521
12526
13878
11047
1313
3839
10906
3909
9575
684
10952
1319
5147
15079
15439
8396
20717
6516
4241
1867
11322
17571
11908
12936
10991
4825
1036
2511
16142
2432
14840
5370
5179
10627
13063
5927
7408
11250
1577
8981
17622
13153
12373
12095
14622
6089
2244
12192
15778
11647
10384
7454
11864
10568
19361
16369
4082
13676
20989
20745
17973
760
10859
10345
678
12637
7900
2750
13433
4032
18570
8179
13469
13824
19246
15691
20411
6346
6560
3527
1278
20536
9142
7368
13874
2538
199
5232
17880
17260
13980
4907
12155
4235
5742
2027
627
8166
10297
8606
15653
11080
14783
1803
11527
7207
16510
9604
7375
19103
4728
14540
19326
8458
13510
6051
8420
1692
17253
8171
13966
18268
7692
17623
317
9278
15790
831
13251
9746
14226
10286
13778
1237
13948
16366
851
3975
5045
19904
268
13178
18378
6163
4617
10009
19638
1664
10256
14787
10504
11929
5270
1546
18574
13593
17053
11502
7682
20639
9270
19494
16026
13630
11394
4856
3249
17613
11855
13960
17599
21057
1584
1916
14465
6140
11967
8976
14230
3741
[UNK]
